# Raman Scattering Spectrum
# X-Axis:  Frequency (cm-1)
# Y-Axis:  Intensity (10-36 m2 cm/sr)

# Harmonic Data

# Peak information (Harmonic)
#                  X                   Y
#      12.6276000000        4.8178195768
#      19.1205000000        3.5075647878
#      25.4869000000        0.9729536642
#      34.2541000000        1.6749802629
#      43.2513000000        0.5515104864
#      51.8901000000        0.9992731187
#      56.0841000000        1.6627957915
#      66.8764000000        0.1801554462
#      70.4140000000        0.1982053473
#      72.3771000000        1.2208645505
#      83.5421000000        0.2751756194
#      96.9370000000        0.4501303708
#     113.3730000000        0.2217737393
#     117.8905000000        0.7192167159
#     120.0495000000        0.0540204666
#     140.0556000000        0.0639372699
#     153.2954000000        0.4511887987
#     154.4939000000        0.2030087878
#     160.1487000000        0.3165449543
#     193.2348000000        0.0112015000
#     208.3222000000        0.0327567986
#     211.8351000000        0.0888738478
#     219.3984000000        0.0944387571
#     234.1534000000        0.6373912807
#     250.6930000000        0.5231457785
#     257.2968000000        0.3949766123
#     261.1251000000        1.7775955800
#     261.3606000000        0.1848233316
#     263.4667000000        0.0102630190
#     274.0514000000        0.0445290112
#     279.6861000000        0.0459885964
#     301.3418000000        0.0473715911
#     318.4067000000        0.2391519947
#     341.8111000000        0.0041427586
#     350.3150000000        0.0900542869
#     358.1553000000        0.0016662048
#     371.8361000000        0.0424482678
#     385.2263000000        0.7391206958
#     401.2635000000        0.6981113361
#     405.3508000000        0.0227193900
#     423.3491000000        0.0938828798
#     433.6868000000        0.1672131821
#     436.8520000000        0.0456467859
#     463.2477000000        0.0055422120
#     471.9585000000        0.0633216804
#     483.6850000000        0.0539934862
#     520.5975000000        0.0671944576
#     523.7777000000        0.4384007035
#     538.7459000000        0.1116851866
#     559.3095000000        0.0125473125
#     587.4747000000        0.0238628226
#     625.9935000000        0.2307607211
#     629.2511000000        0.1228803163
#     648.4987000000        0.0482022586
#     669.9402000000        0.1787068211
#     683.6717000000        0.0363303484
#     707.7888000000        0.0042990255
#     715.8428000000        0.0330279569
#     722.7153000000        0.0872603518
#     724.8070000000        0.0795008169
#     749.3141000000        0.0115659204
#     771.5349000000        0.0584298550
#     779.2284000000        0.0126319443
#     784.5233000000        0.4002499043
#     799.9376000000        0.0194784028
#     807.6513000000        0.0124858759
#     819.6806000000        0.0356739489
#     821.7157000000        0.0177394591
#     821.9099000000        0.0130589163
#     831.9406000000        0.0836072484
#     847.0392000000        0.0114256400
#     847.9193000000        0.0199030412
#     867.2314000000        0.2226187842
#     877.1710000000        0.0677152539
#     909.1287000000        0.0312053776
#     912.0541000000        0.0103117473
#     913.1656000000        0.0142220837
#     924.6164000000        0.0319844415
#     933.3800000000        0.0205568511
#     949.7671000000        0.0743657001
#     973.0868000000        0.0149141198
#     994.0995000000        0.0013617024
#    1022.2365000000        0.0028694216
#    1023.6371000000        0.3130603239
#    1028.9276000000        0.1241408464
#    1036.1985000000        0.1106419777
#    1060.8503000000        0.7514828219
#    1062.2864000000        0.0080361600
#    1062.6027000000        0.0074896166
#    1065.3949000000        0.4460615896
#    1067.9960000000        0.1376032824
#    1104.7859000000        0.0438047610
#    1129.8110000000        0.2978704253
#    1135.8488000000        0.2649241174
#    1145.0085000000        0.0810676640
#    1147.5726000000        0.0612447772
#    1160.8478000000        0.0162905840
#    1163.7793000000        0.0013427823
#    1163.8476000000        0.0073363465
#    1174.4410000000        0.0072271118
#    1183.8817000000        0.2190215674
#    1192.0022000000        0.1209391249
#    1198.5306000000        0.8632658075
#    1210.3606000000        0.2811850510
#    1215.0807000000        1.9256280142
#    1265.0180000000        0.1480705117
#    1271.0325000000        0.4488749614
#    1289.5406000000        0.0991333352
#    1292.9052000000        0.0718998664
#    1298.8388000000        0.0586326344
#    1299.8055000000        0.2095755785
#    1306.4757000000        0.0753865528
#    1306.5154000000        0.1273410181
#    1314.3598000000        2.0261427821
#    1324.0601000000        0.8467709587
#    1336.9303000000        0.2080443306
#    1376.9426000000        2.2706545001
#    1389.9240000000        3.6150409658
#    1391.3280000000        0.0086097825
#    1398.9382000000        0.0341601992
#    1402.7090000000        0.0332679761
#    1418.6935000000        0.7008573384
#    1419.7137000000        0.1706680464
#    1424.6768000000        0.1156814045
#    1425.3892000000        0.0089788194
#    1426.2707000000        0.0470883930
#    1444.6598000000        1.0377164856
#    1463.2219000000        0.0173700570
#    1470.8469000000        0.1771335596
#    1486.2359000000        0.3637516770
#    1487.9705000000        0.0944997618
#    1488.0928000000        0.1034017389
#    1488.7512000000        0.0474742165
#    1497.3667000000        0.0586506336
#    1497.8455000000        0.1650079709
#    1497.9042000000        0.1487854087
#    1501.7264000000        0.1950879602
#    1501.7655000000        0.0942962329
#    1502.6848000000        0.0074018609
#    1508.2283000000        1.1864152759
#    1514.3304000000        0.2304004161
#    1517.8374000000        0.0375561134
#    1519.7104000000        0.0129750833
#    1523.2050000000        0.1784554381
#    1528.7528000000        6.8294517345
#    1531.4747000000        0.0384666305
#    1556.8725000000        1.0082857322
#    1580.6308000000        0.4722454555
#    1585.4909000000        0.0657924461
#    1595.6755000000        1.0309142158
#    1605.3092000000        0.2652312721
#    1632.4611000000        1.0764820924
#    1647.0336000000        0.8903942423
#    1684.8735000000        0.4748685475
#    1769.0749000000        0.6299626612
#    3011.1334000000        0.5712669275
#    3011.4040000000        1.7685221729
#    3012.7056000000        2.1439158183
#    3013.0240000000        3.1452672865
#    3035.1947000000        0.9580989710
#    3035.3509000000        1.2371264201
#    3037.7806000000        0.7464717812
#    3039.6124000000        0.2456419879
#    3039.7993000000        0.3238958144
#    3057.7775000000        0.6424536230
#    3058.3156000000        0.6142444962
#    3062.1113000000        0.4640959081
#    3094.5174000000        0.3368292837
#    3100.1707000000        0.3981068855
#    3100.3903000000        0.3426050387
#    3106.5771000000        0.4665206677
#    3117.0151000000        0.5904365534
#    3117.0460000000        1.0382529366
#    3119.4344000000        0.0345914264
#    3120.6889000000        0.3173769132
#    3121.6365000000        0.3053503300
#    3172.8994000000        0.1775930254
#    3184.4903000000        0.4389704052
#    3194.3945000000        0.1874264051
#    3195.1310000000        0.8930705597
#    3195.7223000000        0.4777933766
#    3206.0839000000        1.2613588233
#    3220.8393000000        0.2180505235
#    3221.2391000000        0.7466051459
#    3631.3332000000        0.3061721004
#    3632.0322000000        2.9447896237

# Plot Curve (Harmonic)
#                  X                   Y               DY/DX
     -500.0000000000        0.0000000000        0.0000000000
     -491.0000000000        0.0000000000        0.0000000000
     -482.0000000000        0.0000000000        0.0000000000
     -473.0000000000        0.0000000000        0.0000000000
     -464.0000000000        0.0000000000        0.0000000000
     -455.0000000000        0.0000000000        0.0000000000
     -446.0000000000        0.0000000000        0.0000000000
     -437.0000000000        0.0000000000        0.0000000000
     -428.0000000000        0.0000000000        0.0000000000
     -419.0000000000        0.0000000000        0.0000000000
     -410.0000000000        0.0000000000        0.0000000000
     -401.0000000000        0.0000000000        0.0000000000
     -392.0000000000        0.0000000000        0.0000000000
     -383.0000000000        0.0000000000        0.0000000000
     -374.0000000000        0.0000000000        0.0000000000
     -365.0000000000        0.0000000000        0.0000000000
     -356.0000000000        0.0000000000        0.0000000000
     -347.0000000000        0.0000000000        0.0000000000
     -338.0000000000        0.0000000000        0.0000000000
     -329.0000000000        0.0000000000        0.0000000000
     -320.0000000000        0.0000000000        0.0000000000
     -311.0000000000        0.0000000000        0.0000000000
     -302.0000000000        0.0000000000        0.0000000000
     -293.0000000000        0.0000000000        0.0000000000
     -284.0000000000        0.0000000000        0.0000000000
     -275.0000000000        0.0000000000        0.0000000000
     -266.0000000000        0.0000000000        0.0000000000
     -257.0000000000        0.0000000000        0.0000000000
     -248.0000000000        0.0000000000        0.0000000000
     -239.0000000000        0.0000000000        0.0000000000
     -230.0000000000        0.0000000000        0.0000000000
     -221.0000000000        0.0000000000        0.0000000000
     -212.0000000000        0.0000000000        0.0000000000
     -203.0000000000        0.0000000000        0.0000000000
     -194.0000000000        0.0000000000        0.0000000000
     -185.0000000000        0.0000000000        0.0000000000
     -176.0000000000        0.0000000000        0.0000000000
     -167.0000000000        0.0000000000        0.0000000000
     -158.0000000000        0.0000000000        0.0000000000
     -149.0000000000        0.0000000000        0.0000000000
     -140.0000000000        0.1893790324        0.0024393726
     -131.0000000000        0.2351420159        0.0031957237
     -122.0000000000        0.3042450733        0.0043415464
     -113.0000000000        0.3597566459        0.0054580679
     -104.0000000000        0.4368041261        0.0070400171
      -95.0000000000        0.5474402393        0.0093611902
      -86.0000000000        0.6775911976        0.0123807667
      -77.0000000000        0.8047463393        0.0160951856
      -68.0000000000        0.9787804965        0.0215768410
      -59.0000000000        1.2171136339        0.0298911264
      -50.0000000000        1.5401273197        0.0429613248
      -41.0000000000        2.0377569798        0.0654745090
      -32.0000000000        2.7942929280        0.1069996723
      -23.0000000000        4.0987052883        0.1947600465
      -14.0000000000        6.6910363909        0.4199604403
       -5.0000000000       13.2428374899        1.2236902800
        4.0000000000       40.2766972671        6.7568463835
       13.0000000000      206.4870398991        1.3736497634
       22.0000000000      131.6049124633      -17.7087376143
       31.0000000000       70.7914769776        3.5885522693
       40.0000000000       47.9630739803       -1.5772916088
       49.0000000000       53.1791075430        6.1363428727
       58.0000000000       67.3138991566      -11.0362560003
       67.0000000000       38.1066050556        2.9487935461
       76.0000000000       34.3426867559       -6.2592264122
       85.0000000000       18.0966335462       -1.8426046329
       94.0000000000       16.0742976576        2.0162992991
      103.0000000000       10.4066625949       -0.8133565732
      112.0000000000       17.9746521428        2.6862319252
      121.0000000000       20.8379611161       -4.2071963495
      130.0000000000        5.5849398828       -0.3705202335
      139.0000000000        6.1636020068        0.3510391936
      148.0000000000       10.3669778871        1.7441406648
      157.0000000000       20.8230888442       -1.5652958701
      166.0000000000        6.6091260821       -1.1023420153
      175.0000000000        2.4579882956       -0.1563290758
      184.0000000000        1.6780533482       -0.0245424814
      193.0000000000        1.9022282377        0.0308809113
      202.0000000000        2.2439614659        0.1687231630
      211.0000000000        5.8085639412        0.2879330442
      220.0000000000        6.5725119087       -0.1008468699
      229.0000000000       10.5411410110        1.9220653052
      238.0000000000       15.2066846873       -2.2983224884
      247.0000000000       17.8321248023        2.9345969304
      256.0000000000       42.9721074087        6.0098489750
      265.0000000000       38.3017039716       -9.0061724186
      274.0000000000        9.2639895951       -0.8073024341
      283.0000000000        4.2156752439       -0.4779946022
      292.0000000000        2.2562767665       -0.0596649278
      301.0000000000        3.0759122773        0.0587602643
      310.0000000000        2.5579568923        0.2011553715
      319.0000000000        8.3129005425       -0.5626524222
      328.0000000000        1.8628668859       -0.1996342833
      337.0000000000        1.2378100468        0.0134490362
      346.0000000000        2.2243821822        0.3182563928
      355.0000000000        2.2281019062       -0.2597556183
      364.0000000000        1.8681359518        0.1037537696
      373.0000000000        4.2916618627        0.1882596041
      382.0000000000       15.5831224637        3.5240777135
      391.0000000000       10.8900745495       -1.2823314876
      400.0000000000       22.2399183829        2.7455711815
      409.0000000000        6.2109015196       -1.0598035610
      418.0000000000        3.1620303948        0.1331065142
      427.0000000000        4.0347810422       -0.1116724937
      436.0000000000        6.1084774711       -0.7705225050
      445.0000000000        1.3856064648       -0.1616102251
      454.0000000000        0.7544191944       -0.0189005398
      463.0000000000        0.9661268265        0.0591188452
      472.0000000000        2.5156616137        0.0070661123
      481.0000000000        1.8140061148        0.2087298964
      490.0000000000        0.9609288031       -0.1073971543
      499.0000000000        0.7149859079        0.0164494166
      508.0000000000        1.2325400175        0.1215547879
      517.0000000000        4.8700082725        1.0527131135
      526.0000000000       11.4507649781       -2.3175956433
      535.0000000000        3.6004753110        0.1954888984
      544.0000000000        1.9431605300       -0.3527035773
      553.0000000000        0.7254023176       -0.0253193926
      562.0000000000        0.6144255348       -0.0752265557
      571.0000000000        0.3277771393       -0.0072323163
      580.0000000000        0.3945204999        0.0314449097
      589.0000000000        0.8695480166       -0.1015685797
      598.0000000000        0.3919371518       -0.0027149515
      607.0000000000        0.5376815726        0.0370450342
      616.0000000000        1.3869884958        0.2085165282
      625.0000000000        8.4139267647        1.2008427777
      634.0000000000        3.1468306028       -0.6375287940
      643.0000000000        1.3307143779        0.0483542809
      652.0000000000        1.4121401943       -0.1955064654
      661.0000000000        1.2627396812        0.1408945150
      670.0000000000        5.6150966621       -0.0353894202
      679.0000000000        1.5040097319       -0.0488558602
      688.0000000000        0.9263128222       -0.1463962736
      697.0000000000        0.4540129264       -0.0063482888
      706.0000000000        0.6646378704        0.0636119667
      715.0000000000        1.9909214514        0.2553438650
      724.0000000000        4.9192965123       -0.1580337307
      733.0000000000        1.0163739352       -0.1464269830
      742.0000000000        0.5248256093       -0.0025298841
      751.0000000000        0.6958237677       -0.0435931597
      760.0000000000        0.6706140631        0.0438743729
      769.0000000000        2.1145972599        0.3681266016
      778.0000000000        4.1101672933        0.6506870889
      787.0000000000        8.7497093640       -1.8969997287
      796.0000000000        1.7870278300       -0.1181011684
      805.0000000000        1.1643120694       -0.0181480756
      814.0000000000        1.0931968907        0.0881560511
      823.0000000000        2.1054546717       -0.1932218310
      832.0000000000        2.8951837182       -0.0454164745
      841.0000000000        0.9681881836       -0.0160093132
      850.0000000000        1.2480865069       -0.1192326147
      859.0000000000        1.5379230073        0.2265777642
      868.0000000000        6.5690736868       -0.5153669538
      877.0000000000        2.9562826111       -0.1195736964
      886.0000000000        0.7317665395       -0.0869619128
      895.0000000000        0.4094442490       -0.0057918323
      904.0000000000        0.6935207616        0.1010976571
      913.0000000000        1.4167441103       -0.1213653939
      922.0000000000        1.0475387778        0.1250088519
      931.0000000000        0.9487926193        0.0397051146
      940.0000000000        0.6585064185        0.0100379652
      949.0000000000        2.2069482568        0.1805545919
      958.0000000000        0.5915579819       -0.0750153627
      967.0000000000        0.4071393803        0.0191880046
      976.0000000000        0.5343956258       -0.0631006486
      985.0000000000        0.3465936240        0.0020644824
      994.0000000000        0.4545203658        0.0158618665
     1003.0000000000        0.6610064666        0.0413435101
     1012.0000000000        1.4569728450        0.1766133325
     1021.0000000000        7.3427167648        1.5682738072
     1030.0000000000        7.1170051720       -0.7144279073
     1039.0000000000        4.1390541628       -0.5393972895
     1048.0000000000        3.3576854515        0.2624312363
     1057.0000000000       13.9028330888        3.1804198727
     1066.0000000000       23.1555904312       -2.2117768806
     1075.0000000000        4.5779081449       -0.7205321139
     1084.0000000000        1.7046237585       -0.1247138201
     1093.0000000000        1.1357558871       -0.0170896891
     1102.0000000000        1.6603498339        0.1866308056
     1111.0000000000        1.3806082394       -0.0347933518
     1120.0000000000        2.1546151441        0.2450673235
     1129.0000000000       10.1502332826        1.1643082860
     1138.0000000000        8.3265716074       -1.2873778176
     1147.0000000000        5.1864253851       -0.3884466813
     1156.0000000000        2.0220958259       -0.0567339864
     1165.0000000000        2.0308875199       -0.0428662871
     1174.0000000000        2.7666959381        0.2209788469
     1183.0000000000        8.7935715895        0.8967378737
     1192.0000000000       12.6801464496        1.3185504923
     1201.0000000000       22.5738498345       -3.1195345212
     1210.0000000000       29.8219195593        4.6370297304
     1219.0000000000       28.5449553086       -6.7983959098
     1228.0000000000        5.7340182484       -0.6859448806
     1237.0000000000        2.7421526695       -0.1487016148
     1246.0000000000        2.0782717158       -0.0153857936
     1255.0000000000        2.5523407976        0.1578607709
     1264.0000000000        7.8302182057        1.0605683004
     1273.0000000000       11.8366678298       -1.9562791661
     1282.0000000000        4.3810566860        0.0118881686
     1291.0000000000        8.2690645302        0.3019575737
     1300.0000000000       14.2470741648        0.3753085069
     1309.0000000000       26.0262585274        3.5990083597
     1318.0000000000       37.1843850509       -5.6771569758
     1327.0000000000       21.0144438792       -3.9315832471
     1336.0000000000       10.4934154538        0.1050376899
     1345.0000000000        4.7058551282       -0.2539077490
     1354.0000000000        4.4078186019        0.1235858709
     1363.0000000000        7.4741792370        0.6943567244
     1372.0000000000       28.2115341389        6.0321949559
     1381.0000000000       44.7933633306       -4.2248125759
     1390.0000000000       97.9585494871       -1.4620130111
     1399.0000000000       19.7636965505       -2.7123370850
     1408.0000000000        9.3577371914       -0.1436920261
     1417.0000000000       22.4726279670        3.3946478062
     1426.0000000000       12.6538321022       -1.4553098668
     1435.0000000000        7.4781689012        0.3877909199
     1444.0000000000       27.6918671825        1.9709498828
     1453.0000000000        7.1807794049       -0.9163163634
     1462.0000000000        4.6971788834        0.0990512725
     1471.0000000000        8.1515852439        0.0186274271
     1480.0000000000        7.9112597042        0.8325344493
     1489.0000000000       18.1642868274       -1.4111435643
     1498.0000000000       22.7155251949        1.3185523911
     1507.0000000000       39.3114654859        3.5834243906
     1516.0000000000       29.9120231490        0.3265719948
     1525.0000000000       96.9564346706       21.2037399975
     1534.0000000000       65.2707798341      -15.1005884996
     1543.0000000000       15.6753440156       -1.4006003296
     1552.0000000000       15.9568381940        2.0201174478
     1561.0000000000       15.8991975947       -3.0703083761
     1570.0000000000        6.3499705017       -0.0757898747
     1579.0000000000       14.0584303115        1.8672566841
     1588.0000000000       11.0604101741        0.2791158627
     1597.0000000000       25.8929101297       -3.2190245006
     1606.0000000000       11.3155264770       -1.0611376461
     1615.0000000000        4.3651724179       -0.1291864636
     1624.0000000000        6.7317940535        0.8852035536
     1633.0000000000       27.8436238024       -1.4953193059
     1642.0000000000       12.8197602222        1.2994812922
     1651.0000000000       12.5103872400       -2.7972380262
     1660.0000000000        3.0697300452       -0.2837265497
     1669.0000000000        1.9815835724       -0.0027078880
     1678.0000000000        3.6635744635        0.5824899396
     1687.0000000000        9.3446458468       -1.8313608744
     1696.0000000000        1.6583585489       -0.2137817601
     1705.0000000000        0.7367769307       -0.0458776479
     1714.0000000000        0.4863769026       -0.0160108015
     1723.0000000000        0.3824937957       -0.0049382921
     1732.0000000000        0.3736130473        0.0031028141
     1741.0000000000        0.4458786839        0.0164533971
     1750.0000000000        0.7403741866        0.0590499791
     1759.0000000000        2.0772624612        0.3390150688
     1768.0000000000       13.6852386338        1.7046432112
     1777.0000000000        3.0244616907       -0.5970860920
     1786.0000000000        0.8247387682       -0.0872446041
     1795.0000000000        0.3696945899       -0.0260523177
     1804.0000000000        0.2154073605       -0.0110699366
     1813.0000000000        0.1309780542       -0.0055916118
     1822.0000000000        0.0924459880       -0.0032541619
     1831.0000000000        0.0690534994       -0.0020656232
     1840.0000000000        0.0537372390       -0.0013969897
     1849.0000000000        0.0364690964       -0.0009103018
     1858.0000000000        0.0294748243       -0.0006615749
     1867.0000000000        0.0243145210       -0.0004957671
     1876.0000000000        0.0203991048       -0.0003810255
     1885.0000000000        0.0173582553       -0.0002991175
     1894.0000000000        0.0149497303       -0.0002390940
     1903.0000000000        0.0130096792       -0.0001941098
     1912.0000000000        0.0114240673       -0.0001597358
     1921.0000000000        0.0101115511       -0.0001330201
     1930.0000000000        0.0000000000        0.0000000000
     1939.0000000000        0.0000000000        0.0000000000
     1948.0000000000        0.0000000000        0.0000000000
     1957.0000000000        0.0000000000        0.0000000000
     1966.0000000000        0.0000000000        0.0000000000
     1975.0000000000        0.0000000000        0.0000000000
     1984.0000000000        0.0000000000        0.0000000000
     1993.0000000000        0.0000000000        0.0000000000
     2002.0000000000        0.0000000000        0.0000000000
     2011.0000000000        0.0000000000        0.0000000000
     2020.0000000000        0.0000000000        0.0000000000
     2029.0000000000        0.0000000000        0.0000000000
     2038.0000000000        0.0000000000        0.0000000000
     2047.0000000000        0.0000000000        0.0000000000
     2056.0000000000        0.0000000000        0.0000000000
     2065.0000000000        0.0000000000        0.0000000000
     2074.0000000000        0.0000000000        0.0000000000
     2083.0000000000        0.0000000000        0.0000000000
     2092.0000000000        0.0000000000        0.0000000000
     2101.0000000000        0.0000000000        0.0000000000
     2110.0000000000        0.0000000000        0.0000000000
     2119.0000000000        0.0000000000        0.0000000000
     2128.0000000000        0.0000000000        0.0000000000
     2137.0000000000        0.0000000000        0.0000000000
     2146.0000000000        0.0000000000        0.0000000000
     2155.0000000000        0.0000000000        0.0000000000
     2164.0000000000        0.0000000000        0.0000000000
     2173.0000000000        0.0000000000        0.0000000000
     2182.0000000000        0.0000000000        0.0000000000
     2191.0000000000        0.0000000000        0.0000000000
     2200.0000000000        0.0000000000        0.0000000000
     2209.0000000000        0.0000000000        0.0000000000
     2218.0000000000        0.0000000000        0.0000000000
     2227.0000000000        0.0000000000        0.0000000000
     2236.0000000000        0.0000000000        0.0000000000
     2245.0000000000        0.0000000000        0.0000000000
     2254.0000000000        0.0000000000        0.0000000000
     2263.0000000000        0.0000000000        0.0000000000
     2272.0000000000        0.0000000000        0.0000000000
     2281.0000000000        0.0000000000        0.0000000000
     2290.0000000000        0.0000000000        0.0000000000
     2299.0000000000        0.0000000000        0.0000000000
     2308.0000000000        0.0000000000        0.0000000000
     2317.0000000000        0.0000000000        0.0000000000
     2326.0000000000        0.0000000000        0.0000000000
     2335.0000000000        0.0000000000        0.0000000000
     2344.0000000000        0.0000000000        0.0000000000
     2353.0000000000        0.0000000000        0.0000000000
     2362.0000000000        0.0000000000        0.0000000000
     2371.0000000000        0.0000000000        0.0000000000
     2380.0000000000        0.0000000000        0.0000000000
     2389.0000000000        0.0000000000        0.0000000000
     2398.0000000000        0.0000000000        0.0000000000
     2407.0000000000        0.0000000000        0.0000000000
     2416.0000000000        0.0000000000        0.0000000000
     2425.0000000000        0.0000000000        0.0000000000
     2434.0000000000        0.0000000000        0.0000000000
     2443.0000000000        0.0000000000        0.0000000000
     2452.0000000000        0.0000000000        0.0000000000
     2461.0000000000        0.0000000000        0.0000000000
     2470.0000000000        0.0000000000        0.0000000000
     2479.0000000000        0.0000000000        0.0000000000
     2488.0000000000        0.0000000000        0.0000000000
     2497.0000000000        0.0000000000        0.0000000000
     2506.0000000000        0.0000000000        0.0000000000
     2515.0000000000        0.0000000000        0.0000000000
     2524.0000000000        0.0000000000        0.0000000000
     2533.0000000000        0.0000000000        0.0000000000
     2542.0000000000        0.0000000000        0.0000000000
     2551.0000000000        0.0000000000        0.0000000000
     2560.0000000000        0.0000000000        0.0000000000
     2569.0000000000        0.0000000000        0.0000000000
     2578.0000000000        0.0000000000        0.0000000000
     2587.0000000000        0.0000000000        0.0000000000
     2596.0000000000        0.0000000000        0.0000000000
     2605.0000000000        0.0000000000        0.0000000000
     2614.0000000000        0.0000000000        0.0000000000
     2623.0000000000        0.0000000000        0.0000000000
     2632.0000000000        0.0000000000        0.0000000000
     2641.0000000000        0.0000000000        0.0000000000
     2650.0000000000        0.0000000000        0.0000000000
     2659.0000000000        0.0000000000        0.0000000000
     2668.0000000000        0.0000000000        0.0000000000
     2677.0000000000        0.0000000000        0.0000000000
     2686.0000000000        0.0000000000        0.0000000000
     2695.0000000000        0.0000000000        0.0000000000
     2704.0000000000        0.0000000000        0.0000000000
     2713.0000000000        0.0000000000        0.0000000000
     2722.0000000000        0.0000000000        0.0000000000
     2731.0000000000        0.0000000000        0.0000000000
     2740.0000000000        0.0000000000        0.0000000000
     2749.0000000000        0.0000000000        0.0000000000
     2758.0000000000        0.0000000000        0.0000000000
     2767.0000000000        0.0000000000        0.0000000000
     2776.0000000000        0.0000000000        0.0000000000
     2785.0000000000        0.0000000000        0.0000000000
     2794.0000000000        0.0000000000        0.0000000000
     2803.0000000000        0.0000000000        0.0000000000
     2812.0000000000        0.0000000000        0.0000000000
     2821.0000000000        0.0000000000        0.0000000000
     2830.0000000000        0.0000000000        0.0000000000
     2839.0000000000        0.0000000000        0.0000000000
     2848.0000000000        0.0000000000        0.0000000000
     2857.0000000000        0.0864086687        0.0011112954
     2866.0000000000        0.0973505727        0.0013288775
     2875.0000000000        0.1105098794        0.0016071602
     2884.0000000000        0.1675766545        0.0025069198
     2893.0000000000        0.1926545323        0.0030934418
     2902.0000000000        0.2378108061        0.0040581832
     2911.0000000000        0.2845627526        0.0052441520
     2920.0000000000        0.3384547286        0.0068252855
     2929.0000000000        0.4095481745        0.0091228729
     2938.0000000000        0.5098505710        0.0126471638
     2947.0000000000        0.6599194475        0.0183644967
     2956.0000000000        0.8637675701        0.0278212234
     2965.0000000000        1.2102324421        0.0456694295
     2974.0000000000        1.7643831122        0.0823524210
     2983.0000000000        2.8496503106        0.1742386024
     2992.0000000000        5.4985198169        0.4841999122
     3001.0000000000       15.3872634224        2.3158288658
     3010.0000000000       97.0342684731       19.5811732313
     3019.0000000000       39.2148810250       -7.6441365838
     3028.0000000000       20.2338773014        1.3518517472
     3037.0000000000       54.8992975384       -3.2001339604
     3046.0000000000       14.4701869071       -1.5876160083
     3055.0000000000       19.6592746860        3.3021451041
     3064.0000000000       15.6456262819       -2.8645334016
     3073.0000000000        4.5601023494       -0.3294120143
     3082.0000000000        3.6080936031        0.0690063952
     3091.0000000000        7.6379492339        1.2134605380
     3100.0000000000       19.0935461914        0.5843700528
     3109.0000000000       15.4656120928       -0.4972626559
     3118.0000000000       34.8224917366       -1.5249793219
     3127.0000000000        8.4655644908       -1.5080712581
     3136.0000000000        2.8484060927       -0.2250263772
     3145.0000000000        1.7446992589       -0.0590446297
     3154.0000000000        1.5068445190        0.0024153439
     3163.0000000000        1.8915082810        0.1069813562
     3172.0000000000        4.9990617731        0.4636982858
     3181.0000000000        7.4810020868        1.1808403528
     3190.0000000000       13.7816558442        1.8272937505
     3199.0000000000       19.7199241166       -2.3199668497
     3208.0000000000       20.6826389025       -3.4168204000
     3217.0000000000       11.0513603779        1.4073241959
     3226.0000000000        7.7200124048       -1.6646333082
     3235.0000000000        1.9700356598       -0.2027689233
     3244.0000000000        0.9616532611       -0.0604745605
     3253.0000000000        0.5957152645       -0.0271025851
     3262.0000000000        0.4037544261       -0.0147431166
     3271.0000000000        0.2947784398       -0.0090303876
     3280.0000000000        0.2116844435       -0.0058046800
     3289.0000000000        0.1620810287       -0.0039841467
     3298.0000000000        0.1314894835       -0.0028929205
     3307.0000000000        0.1089137991       -0.0021706631
     3316.0000000000        0.0917515738       -0.0016723919
     3325.0000000000        0.0783854765       -0.0013169249
     3334.0000000000        0.0659673928       -0.0010339069
     3343.0000000000        0.0575679135       -0.0008415096
     3352.0000000000        0.0465887924       -0.0006454059
     3361.0000000000        0.0264765759       -0.0003593403
     3370.0000000000        0.0112921971       -0.0001516156
     3379.0000000000        0.0100420394       -0.0001271530
     3388.0000000000        0.0000000000        0.0000000000
     3397.0000000000        0.0000000000        0.0000000000
     3406.0000000000        0.0000000000        0.0000000000
     3415.0000000000        0.0000000000        0.0000000000
     3424.0000000000        0.0000000000        0.0000000000
     3433.0000000000        0.0000000000        0.0000000000
     3442.0000000000        0.0000000000        0.0000000000
     3451.0000000000        0.0000000000        0.0000000000
     3460.0000000000        0.0000000000        0.0000000000
     3469.0000000000        0.0000000000        0.0000000000
     3478.0000000000        0.0319638365        0.0004149276
     3487.0000000000        0.0360527928        0.0004970199
     3496.0000000000        0.0409794013        0.0006022702
     3505.0000000000        0.0469890346        0.0007394527
     3514.0000000000        0.0544239216        0.0009216511
     3523.0000000000        0.0637729042        0.0011689435
     3532.0000000000        0.0757537671        0.0015131816
     3541.0000000000        0.0914549782        0.0020068930
     3550.0000000000        0.1125913691        0.0027407823
     3559.0000000000        0.1419917167        0.0038804080
     3568.0000000000        0.1845935097        0.0057492763
     3577.0000000000        0.2496499830        0.0090362603
     3586.0000000000        0.3561807765        0.0153818896
     3595.0000000000        0.5484941286        0.0293345275
     3604.0000000000        0.9501729301        0.0665991836
     3613.0000000000        2.0187168592        0.2038718745
     3622.0000000000        6.5807085473        1.1382144887
     3631.0000000000       44.6787024065        5.0518653480
     3640.0000000000        9.4245223781       -1.8814333422
     3649.0000000000        2.4776091249       -0.2757955209
     3658.0000000000        1.0931299622       -0.0820547872
     3667.0000000000        0.6098848213       -0.0343722906
     3676.0000000000        0.3878734773       -0.0174740249
     3685.0000000000        0.2680733199       -0.0100528004
     3694.0000000000        0.1962269160       -0.0063004704
     3703.0000000000        0.1497989446       -0.0042044596
     3712.0000000000        0.1180812712       -0.0029434946
     3721.0000000000        0.0954605823       -0.0021400846
     3730.0000000000        0.0787651650       -0.0016042505
     3739.0000000000        0.0660935780       -0.0012332965
     3748.0000000000        0.0562498868       -0.0009684025
     3757.0000000000        0.0484514447       -0.0007742283
     3766.0000000000        0.0421686837       -0.0006286698
     3775.0000000000        0.0370329260       -0.0005174197
     3784.0000000000        0.0327811145       -0.0004309390
     3793.0000000000        0.0000000000        0.0000000000
     3802.0000000000        0.0000000000        0.0000000000
     3811.0000000000        0.0000000000        0.0000000000
     3820.0000000000        0.0000000000        0.0000000000
     3829.0000000000        0.0000000000        0.0000000000
     3838.0000000000        0.0000000000        0.0000000000
     3847.0000000000        0.0000000000        0.0000000000
     3856.0000000000        0.0000000000        0.0000000000
     3865.0000000000        0.0000000000        0.0000000000
     3874.0000000000        0.0000000000        0.0000000000
     3883.0000000000        0.0000000000        0.0000000000
     3892.0000000000        0.0000000000        0.0000000000
     3901.0000000000        0.0000000000        0.0000000000
     3910.0000000000        0.0000000000        0.0000000000
     3919.0000000000        0.0000000000        0.0000000000
     3928.0000000000        0.0000000000        0.0000000000
     3937.0000000000        0.0000000000        0.0000000000
     3946.0000000000        0.0000000000        0.0000000000
     3955.0000000000        0.0000000000        0.0000000000
     3964.0000000000        0.0000000000        0.0000000000
     3973.0000000000        0.0000000000        0.0000000000
     3982.0000000000        0.0000000000        0.0000000000
     3991.0000000000        0.0000000000        0.0000000000
