# Raman Activity Spectrum
# X-Axis:  Frequency (cm-1)
# Y-Axis:  Intensity

# Peak information
#                  X                   Y
#      29.2576000000        1.1440000000
#      40.0082000000        0.4267000000
#      47.9392000000        0.0854000000
#      59.8772000000        0.1888000000
#      65.3791000000        0.5014000000
#      74.8456000000        0.5417000000
#      84.4111000000        0.5509000000
#      91.2704000000        0.4687000000
#     103.7387000000        0.0770000000
#     126.5404000000        0.2497000000
#     140.8313000000        0.1994000000
#     165.0831000000        0.3966000000
#     188.0412000000        0.1119000000
#     210.8254000000        0.2565000000
#     218.4212000000        1.1146000000
#     228.8440000000        1.4425000000
#     241.8083000000        0.2350000000
#     265.7810000000        1.2323000000
#     284.9994000000        0.5194000000
#     287.0743000000        2.4742000000
#     300.6705000000        3.1492000000
#     315.6877000000        1.2555000000
#     331.8645000000        1.5319000000
#     344.0398000000        0.6657000000
#     374.3587000000        0.5229000000
#     412.4296000000        0.4797000000
#     436.4190000000        1.1357000000
#     461.4573000000        2.2956000000
#     480.5097000000        1.2900000000
#     516.6018000000        0.9481000000
#     534.6485000000        5.6187000000
#     558.2149000000        0.4310000000
#     570.3942000000        0.8247000000
#     586.1550000000        1.9085000000
#     598.5786000000        0.9801000000
#     623.8129000000        1.1215000000
#     648.2285000000        2.1993000000
#     663.0938000000        1.1438000000
#     688.3343000000        2.2196000000
#     741.6911000000        5.2941000000
#     771.3193000000        0.3748000000
#     808.5984000000        6.9004000000
#     840.0434000000        6.5707000000
#     917.2459000000        2.0638000000
#     928.3539000000        6.4348000000
#     947.4819000000        5.1991000000
#    1000.5081000000        4.9037000000
#    1014.9471000000        2.3810000000
#    1026.1875000000        1.7537000000
#    1043.1208000000        2.1432000000
#    1047.3178000000        1.9573000000
#    1055.9461000000        1.9586000000
#    1058.8935000000        1.8151000000
#    1076.4480000000        2.5904000000
#    1090.1931000000        0.5765000000
#    1097.6809000000        4.8121000000
#    1114.8761000000        6.2220000000
#    1120.0505000000        3.9009000000
#    1128.8728000000        3.7013000000
#    1135.0340000000        3.5639000000
#    1144.6600000000        3.0469000000
#    1165.3257000000        3.4506000000
#    1186.1357000000        3.5528000000
#    1207.7949000000        4.9143000000
#    1229.5208000000        1.2667000000
#    1252.8728000000        2.5439000000
#    1260.4439000000        1.7956000000
#    1293.0756000000        5.6886000000
#    1309.3937000000        5.0684000000
#    1318.7557000000        4.7621000000
#    1340.4905000000        3.7025000000
#    1343.7543000000        0.6449000000
#    1361.2902000000        1.4301000000
#    1364.6640000000        8.3559000000
#    1373.9242000000        1.4246000000
#    1380.5828000000        2.4817000000
#    1394.1668000000        6.1417000000
#    1399.9384000000        2.2097000000
#    1402.9696000000        7.8391000000
#    1411.1113000000        2.9765000000
#    1413.4965000000        6.6010000000
#    1429.9875000000        3.7219000000
#    1436.3229000000        2.3656000000
#    1438.2111000000        0.8502000000
#    1475.0366000000        5.1591000000
#    1488.2620000000        6.2598000000
#    1489.4338000000        6.0368000000
#    1499.3024000000        6.4682000000
#    1500.7529000000        4.5563000000
#    1571.6669000000        3.0448000000
#    1722.7159000000        9.9737000000
#    1796.3952000000       11.6271000000
#    2979.9870000000       91.8918000000
#    3013.2600000000       97.6363000000
#    3033.0569000000       31.4757000000
#    3043.9886000000      187.1182000000
#    3044.0786000000       56.0871000000
#    3046.5987000000      178.4051000000
#    3049.9411000000        6.3289000000
#    3055.2326000000       25.4442000000
#    3085.3134000000       73.0019000000
#    3112.7208000000       69.3009000000
#    3112.8150000000       74.9779000000
#    3119.3557000000       52.4604000000
#    3122.5834000000       50.0118000000
#    3131.3362000000       67.2532000000
#    3544.9051000000      116.8076000000
#    3751.8696000000      148.1787000000
#    3806.5088000000       46.7655000000
#    3836.7843000000      117.8947000000
#    3850.7992000000      105.3832000000

# Spectra
#                  X                   Y               DY/DX
        0.0000000000        0.0025965283        0.0001450628
        8.0000000000        0.0044029880        0.0003390030
       16.0000000000        0.0095199274        0.0011618034
       24.0000000000        0.0367689340        0.0083401619
       32.0000000000        0.0708491963       -0.0129528989
       40.0000000000        0.0491276792       -0.0013140668
       48.0000000000        0.0229408061       -0.0012530896
       56.0000000000        0.0224642275        0.0026521517
       64.0000000000        0.0529268408        0.0045005805
       72.0000000000        0.0479572871        0.0048108213
       80.0000000000        0.0446641325        0.0012033670
       88.0000000000        0.0528534821       -0.0011511147
       96.0000000000        0.0248925251       -0.0044072522
      104.0000000000        0.0139883149       -0.0008607573
      112.0000000000        0.0067868989       -0.0002530709
      120.0000000000        0.0090097449        0.0011003868
      128.0000000000        0.0212074870       -0.0026119195
      136.0000000000        0.0117975611        0.0010301887
      144.0000000000        0.0135608912       -0.0023285600
      152.0000000000        0.0068988823        0.0000652631
      160.0000000000        0.0149531338        0.0028054750
      168.0000000000        0.0232721520       -0.0047178215
      176.0000000000        0.0078030600       -0.0003920421
      184.0000000000        0.0096876328        0.0010730116
      192.0000000000        0.0108111724       -0.0008197475
      200.0000000000        0.0115008182        0.0008023782
      208.0000000000        0.0308205047        0.0052862226
      216.0000000000        0.0826267366        0.0134816970
      224.0000000000        0.0792917594        0.0040404661
      232.0000000000        0.0819223612       -0.0168760630
      240.0000000000        0.0362455736        0.0007931659
      248.0000000000        0.0207317962       -0.0011043091
      256.0000000000        0.0247969127        0.0022907487
      264.0000000000        0.0913658139        0.0150608095
      272.0000000000        0.0508500112       -0.0039286707
      280.0000000000        0.0793243184        0.0133458237
      288.0000000000        0.2305290857       -0.0224512505
      296.0000000000        0.1438496130        0.0184961818
      304.0000000000        0.1658253908       -0.0339715648
      312.0000000000        0.0893576845        0.0085591107
      320.0000000000        0.0708178192       -0.0101281756
      328.0000000000        0.0794416253        0.0133282148
      336.0000000000        0.0745068713       -0.0123800169
      344.0000000000        0.0673481611       -0.0016314130
      352.0000000000        0.0199953203       -0.0024484614
      360.0000000000        0.0116772656       -0.0002168082
      368.0000000000        0.0169614722        0.0022497946
      376.0000000000        0.0381526647       -0.0058911130
      384.0000000000        0.0103799115       -0.0010024014
      392.0000000000        0.0069639486       -0.0000812551
      400.0000000000        0.0082000186        0.0004604658
      408.0000000000        0.0209872859        0.0040273304
      416.0000000000        0.0263619959       -0.0045325902
      424.0000000000        0.0158093920        0.0006568497
      432.0000000000        0.0442335885        0.0093607719
      440.0000000000        0.0551311102       -0.0109147011
      448.0000000000        0.0260895972        0.0005631269
      456.0000000000        0.0663231672        0.0137518431
      464.0000000000        0.1279748839       -0.0263167476
      472.0000000000        0.0418741180       -0.0002114571
      480.0000000000        0.1035015688        0.0050763883
      488.0000000000        0.0299619561       -0.0043627212
      496.0000000000        0.0161131236       -0.0003786339
      504.0000000000        0.0185094846        0.0010574142
      512.0000000000        0.0455134514        0.0081705784
      520.0000000000        0.0709386042       -0.0062200480
      528.0000000000        0.1177387442        0.0224112127
      536.0000000000        0.3671078535       -0.0546815277
      544.0000000000        0.0700757592       -0.0108619831
      552.0000000000        0.0364913560        0.0001762460
      560.0000000000        0.0486713189       -0.0039849682
      568.0000000000        0.0624652052        0.0091000226
      576.0000000000        0.0471808245       -0.0017040181
      584.0000000000        0.1198037017        0.0216692311
      592.0000000000        0.0691354729       -0.0060328127
      600.0000000000        0.0789298794       -0.0109364692
      608.0000000000        0.0246160114       -0.0016974971
      616.0000000000        0.0277232943        0.0029038787
      624.0000000000        0.0887565349       -0.0016752595
      632.0000000000        0.0295927653       -0.0019735994
      640.0000000000        0.0400494395        0.0053957888
      648.0000000000        0.1638012797        0.0048558140
      656.0000000000        0.0572682516       -0.0023725123
      664.0000000000        0.0920456218       -0.0089446991
      672.0000000000        0.0293604949       -0.0018345955
      680.0000000000        0.0384834096        0.0049987632
      688.0000000000        0.1594412255        0.0061424827
      696.0000000000        0.0393419200       -0.0067096855
      704.0000000000        0.0165926916       -0.0009658267
      712.0000000000        0.0135972962        0.0000547580
      720.0000000000        0.0170907574        0.0009108896
      728.0000000000        0.0328428256        0.0037668182
      736.0000000000        0.1235752611        0.0280748083
      744.0000000000        0.2752170748       -0.0585315338
      752.0000000000        0.0525833190       -0.0077861358
      760.0000000000        0.0244288238       -0.0011361591
      768.0000000000        0.0298144885        0.0033278442
      776.0000000000        0.0251486565       -0.0024619448
      784.0000000000        0.0205849516        0.0005426025
      792.0000000000        0.0327813187        0.0028497179
      800.0000000000        0.0901383051        0.0158957607
      808.0000000000        0.4628690502        0.0335316752
      816.0000000000        0.1190620011       -0.0209739822
      824.0000000000        0.0572792153       -0.0005576111
      832.0000000000        0.1024035134        0.0162364588
      840.0000000000        0.4480396480        0.0019344520
      848.0000000000        0.0960635772       -0.0179366931
      856.0000000000        0.0325247001       -0.0031291188
      864.0000000000        0.0182531362       -0.0009565481
      872.0000000000        0.0135834743       -0.0003273213
      880.0000000000        0.0122866455       -0.0000176917
      888.0000000000        0.0134151467        0.0002726173
      896.0000000000        0.0174675975        0.0007971035
      904.0000000000        0.0289752852        0.0025291021
      912.0000000000        0.0812287550        0.0149445763
      920.0000000000        0.1807694971       -0.0056517755
      928.0000000000        0.4511943354        0.0170068474
      936.0000000000        0.1367398211       -0.0134349296
      944.0000000000        0.2258201826        0.0444490268
      952.0000000000        0.1674610807       -0.0378510068
      960.0000000000        0.0459454596       -0.0048016389
      968.0000000000        0.0267120483       -0.0010246456
      976.0000000000        0.0238614770        0.0002229589
      984.0000000000        0.0314719384        0.0019781829
      992.0000000000        0.0725743777        0.0113950553
     1000.0000000000        0.3326477110        0.0209265492
     1008.0000000000        0.1234432430       -0.0055716216
     1016.0000000000        0.1903085622       -0.0169515124
     1024.0000000000        0.1388895123        0.0139687203
     1032.0000000000        0.0853693715       -0.0055745128
     1040.0000000000        0.1497388657        0.0265879647
     1048.0000000000        0.2336202157       -0.0163771529
     1056.0000000000        0.2543500371        0.0118769278
     1064.0000000000        0.1112803278       -0.0141655137
     1072.0000000000        0.1169310978        0.0165066835
     1080.0000000000        0.1366052594       -0.0206748859
     1088.0000000000        0.1163613022        0.0116382913
     1096.0000000000        0.3134208394        0.0450085390
     1104.0000000000        0.1712898383       -0.0103026243
     1112.0000000000        0.3581010116        0.0696091134
     1120.0000000000        0.4679869116       -0.0256268758
     1128.0000000000        0.3812584767        0.0210637364
     1136.0000000000        0.3398034349       -0.0322839889
     1144.0000000000        0.2662624600        0.0057256697
     1152.0000000000        0.0968911706       -0.0088909887
     1160.0000000000        0.1153870458        0.0165399079
     1168.0000000000        0.1797663393       -0.0338631504
     1176.0000000000        0.0739948192        0.0005563187
     1184.0000000000        0.1991957513        0.0349225213
     1192.0000000000        0.1021134942       -0.0144727034
     1200.0000000000        0.0919295930        0.0104057540
     1208.0000000000        0.3205186092       -0.0081535012
     1216.0000000000        0.0779206116       -0.0107501179
     1224.0000000000        0.0575082879        0.0044399045
     1232.0000000000        0.0801616919       -0.0125484874
     1240.0000000000        0.0409562768        0.0004381349
     1248.0000000000        0.0888364692        0.0163930637
     1256.0000000000        0.1605634919       -0.0110631897
     1264.0000000000        0.0964665803       -0.0174256777
     1272.0000000000        0.0429736127       -0.0011096765
     1280.0000000000        0.0528805760        0.0039938370
     1288.0000000000        0.1582247753        0.0329541295
     1296.0000000000        0.2678661599       -0.0489950398
     1304.0000000000        0.1800959919        0.0219521790
     1312.0000000000        0.3168714416       -0.0335834207
     1320.0000000000        0.3262334578       -0.0424992848
     1328.0000000000        0.1006920877       -0.0060262061
     1336.0000000000        0.1514784527        0.0247087760
     1344.0000000000        0.2113645544       -0.0303206692
     1352.0000000000        0.1155578876        0.0041581269
     1360.0000000000        0.3319354918        0.0637235616
     1368.0000000000        0.3881398985       -0.0678375324
     1376.0000000000        0.2380296535       -0.0042843302
     1384.0000000000        0.2156044981       -0.0132577862
     1392.0000000000        0.4222162985        0.0707549799
     1400.0000000000        0.6208010583        0.0497287938
     1408.0000000000        0.5004402362        0.0063196027
     1416.0000000000        0.4429814387       -0.0844801138
     1424.0000000000        0.1864592664        0.0053944839
     1432.0000000000        0.3025108775       -0.0187304063
     1440.0000000000        0.1824394728       -0.0323621331
     1448.0000000000        0.0656239205       -0.0043459823
     1456.0000000000        0.0532722192        0.0005232658
     1464.0000000000        0.0766472034        0.0066360984
     1472.0000000000        0.2514215549        0.0502711748
     1480.0000000000        0.2722353370       -0.0035926142
     1488.0000000000        0.7645849151        0.0666248915
     1496.0000000000        0.5158432796        0.0434594459
     1504.0000000000        0.3706500858       -0.0832816089
     1512.0000000000        0.0914375502       -0.0113993013
     1520.0000000000        0.0423018394       -0.0031732990
     1528.0000000000        0.0255102646       -0.0012921639
     1536.0000000000        0.0182725617       -0.0005923792
     1544.0000000000        0.0151681222       -0.0001734723
     1552.0000000000        0.0157468301        0.0003922917
     1560.0000000000        0.0248814087        0.0025878050
     1568.0000000000        0.0990472987        0.0231418151
     1576.0000000000        0.0835274784       -0.0198016252
     1584.0000000000        0.0201797082       -0.0024659434
     1592.0000000000        0.0096418430       -0.0006528235
     1600.0000000000        0.0061666724       -0.0002646075
     1608.0000000000        0.0046510027       -0.0001338876
     1616.0000000000        0.0038412174       -0.0000751622
     1624.0000000000        0.0033809811       -0.0000425323
     1632.0000000000        0.0031329375       -0.0000205612
     1640.0000000000        0.0032738345        0.0000047742
     1648.0000000000        0.0033852878        0.0000234259
     1656.0000000000        0.0032540869        0.0000509128
     1664.0000000000        0.0034019009        0.0000867699
     1672.0000000000        0.0042776184        0.0001366394
     1680.0000000000        0.0056952109        0.0002276609
     1688.0000000000        0.0081738906        0.0004171447
     1696.0000000000        0.0130863486        0.0008896576
     1704.0000000000        0.0250726628        0.0024499274
     1712.0000000000        0.0680293802        0.0109235580
     1720.0000000000        0.3739763455        0.0865171506
     1728.0000000000        0.2003015563       -0.0475969924
     1736.0000000000        0.0479199772       -0.0061496032
     1744.0000000000        0.0221580766       -0.0015464712
     1752.0000000000        0.0149751281       -0.0004435000
     1760.0000000000        0.0136219889        0.0000756003
     1768.0000000000        0.0163312122        0.0006527074
     1776.0000000000        0.0261219301        0.0020652582
     1784.0000000000        0.0610635147        0.0085114806
     1792.0000000000        0.2840324543        0.0701925695
     1800.0000000000        0.3452273020       -0.0855182196
     1808.0000000000        0.0673480260       -0.0102184585
     1816.0000000000        0.0258952110       -0.0024597692
     1824.0000000000        0.0136581177       -0.0009258071
     1832.0000000000        0.0084921677       -0.0004440208
     1840.0000000000        0.0058302497       -0.0002472095
     1848.0000000000        0.0042742403       -0.0001521631
     1856.0000000000        0.0032822988       -0.0001006334
     1864.0000000000        0.0026087570       -0.0000702292
     1872.0000000000        0.0021289901       -0.0000510939
     1880.0000000000        0.0017742013       -0.0000384238
     1888.0000000000        0.0011855696       -0.0000258352
     1896.0000000000        0.0010030681       -0.0000201085
     1904.0000000000        0.0008596621       -0.0000159561
     1912.0000000000        0.0007449368       -0.0000128722
     1920.0000000000        0.0006517267       -0.0000105343
     1928.0000000000        0.0005749715       -0.0000087298
     1936.0000000000        0.0005110150       -0.0000073149
     1944.0000000000        0.0004571629       -0.0000061899
     1952.0000000000        0.0004113940       -0.0000052842
     1960.0000000000        0.0000000000        0.0000000000
     1968.0000000000        0.0000000000        0.0000000000
     1976.0000000000        0.0000000000        0.0000000000
     1984.0000000000        0.0000000000        0.0000000000
     1992.0000000000        0.0000000000        0.0000000000
     2000.0000000000        0.0000000000        0.0000000000
     2008.0000000000        0.0000000000        0.0000000000
     2016.0000000000        0.0000000000        0.0000000000
     2024.0000000000        0.0000000000        0.0000000000
     2032.0000000000        0.0000000000        0.0000000000
     2040.0000000000        0.0000000000        0.0000000000
     2048.0000000000        0.0000000000        0.0000000000
     2056.0000000000        0.0000000000        0.0000000000
     2064.0000000000        0.0000000000        0.0000000000
     2072.0000000000        0.0000000000        0.0000000000
     2080.0000000000        0.0000000000        0.0000000000
     2088.0000000000        0.0000000000        0.0000000000
     2096.0000000000        0.0000000000        0.0000000000
     2104.0000000000        0.0000000000        0.0000000000
     2112.0000000000        0.0000000000        0.0000000000
     2120.0000000000        0.0000000000        0.0000000000
     2128.0000000000        0.0000000000        0.0000000000
     2136.0000000000        0.0000000000        0.0000000000
     2144.0000000000        0.0000000000        0.0000000000
     2152.0000000000        0.0000000000        0.0000000000
     2160.0000000000        0.0000000000        0.0000000000
     2168.0000000000        0.0000000000        0.0000000000
     2176.0000000000        0.0000000000        0.0000000000
     2184.0000000000        0.0000000000        0.0000000000
     2192.0000000000        0.0000000000        0.0000000000
     2200.0000000000        0.0000000000        0.0000000000
     2208.0000000000        0.0000000000        0.0000000000
     2216.0000000000        0.0000000000        0.0000000000
     2224.0000000000        0.0000000000        0.0000000000
     2232.0000000000        0.0000000000        0.0000000000
     2240.0000000000        0.0000000000        0.0000000000
     2248.0000000000        0.0000000000        0.0000000000
     2256.0000000000        0.0000000000        0.0000000000
     2264.0000000000        0.0000000000        0.0000000000
     2272.0000000000        0.0000000000        0.0000000000
     2280.0000000000        0.0000000000        0.0000000000
     2288.0000000000        0.0000000000        0.0000000000
     2296.0000000000        0.0000000000        0.0000000000
     2304.0000000000        0.0000000000        0.0000000000
     2312.0000000000        0.0000000000        0.0000000000
     2320.0000000000        0.0000000000        0.0000000000
     2328.0000000000        0.0000000000        0.0000000000
     2336.0000000000        0.0000000000        0.0000000000
     2344.0000000000        0.0000000000        0.0000000000
     2352.0000000000        0.0000000000        0.0000000000
     2360.0000000000        0.0000000000        0.0000000000
     2368.0000000000        0.0000000000        0.0000000000
     2376.0000000000        0.0000000000        0.0000000000
     2384.0000000000        0.0000000000        0.0000000000
     2392.0000000000        0.0000000000        0.0000000000
     2400.0000000000        0.0000000000        0.0000000000
     2408.0000000000        0.0000000000        0.0000000000
     2416.0000000000        0.0000000000        0.0000000000
     2424.0000000000        0.0000000000        0.0000000000
     2432.0000000000        0.0000000000        0.0000000000
     2440.0000000000        0.0000000000        0.0000000000
     2448.0000000000        0.0000000000        0.0000000000
     2456.0000000000        0.0000000000        0.0000000000
     2464.0000000000        0.0000000000        0.0000000000
     2472.0000000000        0.0000000000        0.0000000000
     2480.0000000000        0.0000000000        0.0000000000
     2488.0000000000        0.0000000000        0.0000000000
     2496.0000000000        0.0000000000        0.0000000000
     2504.0000000000        0.0000000000        0.0000000000
     2512.0000000000        0.0000000000        0.0000000000
     2520.0000000000        0.0000000000        0.0000000000
     2528.0000000000        0.0000000000        0.0000000000
     2536.0000000000        0.0000000000        0.0000000000
     2544.0000000000        0.0000000000        0.0000000000
     2552.0000000000        0.0000000000        0.0000000000
     2560.0000000000        0.0000000000        0.0000000000
     2568.0000000000        0.0000000000        0.0000000000
     2576.0000000000        0.0000000000        0.0000000000
     2584.0000000000        0.0000000000        0.0000000000
     2592.0000000000        0.0000000000        0.0000000000
     2600.0000000000        0.0000000000        0.0000000000
     2608.0000000000        0.0000000000        0.0000000000
     2616.0000000000        0.0000000000        0.0000000000
     2624.0000000000        0.0000000000        0.0000000000
     2632.0000000000        0.0000000000        0.0000000000
     2640.0000000000        0.0000000000        0.0000000000
     2648.0000000000        0.0000000000        0.0000000000
     2656.0000000000        0.0000000000        0.0000000000
     2664.0000000000        0.0000000000        0.0000000000
     2672.0000000000        0.0000000000        0.0000000000
     2680.0000000000        0.0000000000        0.0000000000
     2688.0000000000        0.0000000000        0.0000000000
     2696.0000000000        0.0000000000        0.0000000000
     2704.0000000000        0.0000000000        0.0000000000
     2712.0000000000        0.0000000000        0.0000000000
     2720.0000000000        0.0000000000        0.0000000000
     2728.0000000000        0.0000000000        0.0000000000
     2736.0000000000        0.0000000000        0.0000000000
     2744.0000000000        0.0000000000        0.0000000000
     2752.0000000000        0.0000000000        0.0000000000
     2760.0000000000        0.0000000000        0.0000000000
     2768.0000000000        0.0000000000        0.0000000000
     2776.0000000000        0.0000000000        0.0000000000
     2784.0000000000        0.0000000000        0.0000000000
     2792.0000000000        0.0000000000        0.0000000000
     2800.0000000000        0.0000000000        0.0000000000
     2808.0000000000        0.0000000000        0.0000000000
     2816.0000000000        0.0000000000        0.0000000000
     2824.0000000000        0.0024242319        0.0000310621
     2832.0000000000        0.0026932220        0.0000363715
     2840.0000000000        0.0030095849        0.0000429630
     2848.0000000000        0.0033851307        0.0000512478
     2856.0000000000        0.0063486084        0.0000937459
     2864.0000000000        0.0071717165        0.0001128254
     2872.0000000000        0.0081687859        0.0001375435
     2880.0000000000        0.0102443620        0.0001812946
     2888.0000000000        0.0226570697        0.0003645719
     2896.0000000000        0.0267037553        0.0004614726
     2904.0000000000        0.0308526955        0.0005824471
     2912.0000000000        0.0361578880        0.0007544976
     2920.0000000000        0.0431463595        0.0010106526
     2928.0000000000        0.0545627280        0.0014390197
     2936.0000000000        0.0685977721        0.0021372389
     2944.0000000000        0.0904169610        0.0034762729
     2952.0000000000        0.1285534025        0.0065171135
     2960.0000000000        0.2145925149        0.0156061823
     2968.0000000000        0.4621649083        0.0583280804
     2976.0000000000        1.9731925347        0.4670887740
     2984.0000000000        2.0084228108       -0.4518329348
     2992.0000000000        0.6293882975       -0.0385419228
     3000.0000000000        0.6409763425        0.0386475749
     3008.0000000000        1.7536191476        0.3514959494
     3016.0000000000        3.1073939521       -0.5895547811
     3024.0000000000        1.3460315786        0.0149591704
     3032.0000000000        2.8901170746        0.3371444581
     3040.0000000000        7.2497228513        1.5592280388
     3048.0000000000       11.7425303192       -2.1036767602
     3056.0000000000        3.2667157949       -0.4455087820
     3064.0000000000        1.1306365721       -0.1003814714
     3072.0000000000        0.7903200750        0.0018547302
     3080.0000000000        1.4431681003        0.2398487946
     3088.0000000000        2.3728365579       -0.4476862187
     3096.0000000000        0.9180584617       -0.0187342728
     3104.0000000000        1.4587837223        0.1945085223
     3112.0000000000        6.3531063422        0.6417853835
     3120.0000000000        5.0484228250       -0.0807605127
     3128.0000000000        3.0122228174        0.0985009063
     3136.0000000000        1.5927300055       -0.3214106774
     3144.0000000000        0.4916587580       -0.0506934856
     3152.0000000000        0.2569288888       -0.0166771558
     3160.0000000000        0.1651229603       -0.0078411813
     3168.0000000000        0.1178602834       -0.0044331778
     3176.0000000000        0.0872810001       -0.0027729361
     3184.0000000000        0.0689820028       -0.0018827847
     3192.0000000000        0.0562244013       -0.0013484498
     3200.0000000000        0.0461885010       -0.0009967159
     3208.0000000000        0.0291605218       -0.0006426304
     3216.0000000000        0.0238726534       -0.0004871805
     3224.0000000000        0.0204100810       -0.0003839782
     3232.0000000000        0.0176563261       -0.0003081969
     3240.0000000000        0.0154289717       -0.0002512485
     3248.0000000000        0.0118771178       -0.0001864156
     3256.0000000000        0.0105156937       -0.0001552137
     3264.0000000000        0.0093761413       -0.0001306194
     3272.0000000000        0.0084126427       -0.0001109686
     3280.0000000000        0.0031289612       -0.0000411313
     3288.0000000000        0.0016925816       -0.0000215937
     3296.0000000000        0.0000000000        0.0000000000
     3304.0000000000        0.0000000000        0.0000000000
     3312.0000000000        0.0000000000        0.0000000000
     3320.0000000000        0.0000000000        0.0000000000
     3328.0000000000        0.0000000000        0.0000000000
     3336.0000000000        0.0000000000        0.0000000000
     3344.0000000000        0.0000000000        0.0000000000
     3352.0000000000        0.0000000000        0.0000000000
     3360.0000000000        0.0000000000        0.0000000000
     3368.0000000000        0.0000000000        0.0000000000
     3376.0000000000        0.0000000000        0.0000000000
     3384.0000000000        0.0000000000        0.0000000000
     3392.0000000000        0.0027727443        0.0000362427
     3400.0000000000        0.0030871144        0.0000425763
     3408.0000000000        0.0034581278        0.0000504755
     3416.0000000000        0.0039002522        0.0000604553
     3424.0000000000        0.0044328857        0.0000732482
     3432.0000000000        0.0050825187        0.0000899188
     3440.0000000000        0.0058860875        0.0001120545
     3448.0000000000        0.0068963336        0.0001420896
     3456.0000000000        0.0081906672        0.0001838842
     3464.0000000000        0.0098864138        0.0002437994
     3472.0000000000        0.0121682933        0.0003328100
     3480.0000000000        0.0153407596        0.0004709249
     3488.0000000000        0.0199346174        0.0006971819
     3496.0000000000        0.0269430592        0.0010945285
     3504.0000000000        0.0384027919        0.0018598683
     3512.0000000000        0.0590410014        0.0035363055
     3520.0000000000        0.1019561695        0.0079816824
     3528.0000000000        0.2149596515        0.0240830104
     3536.0000000000        0.6806977143        0.1272115414
     3544.0000000000        3.8569621413        0.4151131072
     3552.0000000000        0.9778924011       -0.2091739276
     3560.0000000000        0.2660219114       -0.0329339779
     3568.0000000000        0.1180816582       -0.0099279619
     3576.0000000000        0.0660001176       -0.0041759733
     3584.0000000000        0.0420037362       -0.0021265475
     3592.0000000000        0.0320856683       -0.0011862879
     3600.0000000000        0.0246349924       -0.0007232532
     3608.0000000000        0.0199915400       -0.0004601563
     3616.0000000000        0.0170109209       -0.0002967520
     3624.0000000000        0.0151036667       -0.0001864764
     3632.0000000000        0.0139505940       -0.0001052816
     3640.0000000000        0.0133789405       -0.0000393161
     3648.0000000000        0.0142695254        0.0000327527
     3656.0000000000        0.0147811893        0.0000960594
     3664.0000000000        0.0158315153        0.0001688300
     3672.0000000000        0.0175341058        0.0002611374
     3680.0000000000        0.0225662644        0.0004199674
     3688.0000000000        0.0266508951        0.0006150362
     3696.0000000000        0.0349622353        0.0009551829
     3704.0000000000        0.0445677108        0.0014994321
     3712.0000000000        0.0579243933        0.0025698773
     3720.0000000000        0.0863464516        0.0048647293
     3728.0000000000        0.1456302617        0.0110927410
     3736.0000000000        0.3058102626        0.0347983045
     3744.0000000000        1.0177524913        0.2023650250
     3752.0000000000        4.8866781683       -0.0786036944
     3760.0000000000        0.9769156510       -0.1870690353
     3768.0000000000        0.3189021588       -0.0315627326
     3776.0000000000        0.1817842875       -0.0080644246
     3784.0000000000        0.1543728028        0.0006127466
     3792.0000000000        0.2004199586        0.0131976583
     3800.0000000000        0.5136993189        0.0944291123
     3808.0000000000        1.4554623121       -0.2122705168
     3816.0000000000        0.4265983927       -0.0264184359
     3824.0000000000        0.5014660236        0.0449003181
     3832.0000000000        1.7529894774        0.3952151863
     3840.0000000000        2.7390660420       -0.4969757635
     3848.0000000000        2.7140747801        0.4633690409
     3856.0000000000        1.4280402930       -0.3191571985
     3864.0000000000        0.3772432528       -0.0454869700
     3872.0000000000        0.1752167359       -0.0135281740
     3880.0000000000        0.1035192704       -0.0058486363
     3888.0000000000        0.0693594198       -0.0030911625
     3896.0000000000        0.0501836322       -0.0018485137
     3904.0000000000        0.0382382949       -0.0012014806
     3912.0000000000        0.0272049400       -0.0007913010
     3920.0000000000        0.0218436127       -0.0005660082
     3928.0000000000        0.0179414303       -0.0004194094
     3936.0000000000        0.0150090977       -0.0003197426
     3944.0000000000        0.0127476132       -0.0002495316
     3952.0000000000        0.0109655322       -0.0001985943
     3960.0000000000        0.0095354815       -0.0001607133
     3968.0000000000        0.0074412248       -0.0001204451
     3976.0000000000        0.0065639732       -0.0000997375
     3984.0000000000        0.0058334802       -0.0000835259
     3992.0000000000        0.0052186898       -0.0000706514
