# Raman Scattering Spectrum
# X-Axis:  Frequency (cm-1)
# Y-Axis:  Intensity (10-36 m2 cm/sr)

# Harmonic Data

# Peak information (Harmonic)
#                  X                   Y
#      19.9932000000        0.0484821683
#      22.9180000000        0.0726000530
#      31.7927000000        0.0948061701
#      37.7802000000        0.0156617167
#      53.6632000000        0.0799794352
#      64.8351000000        0.0296148842
#      71.0294000000        0.0171591848
#      84.2392000000        0.0437053800
#      90.9009000000        0.1068195639
#      97.3318000000        0.0161593314
#     117.0606000000        0.0663155520
#     122.1634000000        0.0830852663
#     139.0322000000        0.0258262118
#     153.5686000000        0.0705069612
#     169.7882000000        0.1706829484
#     179.8945000000        0.2575013668
#     195.1833000000        0.0422599579
#     216.3338000000        0.2795607112
#     246.8138000000        0.7034798087
#     256.1106000000        0.2906948567
#     268.6552000000        0.1215558066
#     293.7602000000        0.1469130837
#     295.0288000000        0.2620448372
#     298.0580000000        0.0953741230
#     333.0780000000        0.1206480668
#     352.8868000000        0.1909918076
#     355.2696000000        0.3035154880
#     358.1276000000        0.0734740177
#     389.1406000000        0.3354149287
#     391.1961000000        0.0616697184
#     404.8706000000        0.2856303649
#     417.9644000000        0.0627818681
#     474.9615000000        0.1915465863
#     475.8721000000        0.1135326409
#     481.1982000000        0.4020167269
#     491.2581000000        0.1390040895
#     497.9418000000        0.1613375666
#     541.8766000000        0.1034398192
#     600.5750000000        0.1886752076
#     654.1291000000        0.1016902009
#     791.9948000000        1.3181943858
#     828.3132000000        0.0730729851
#     849.1517000000        0.0799909437
#     856.6732000000        0.0534218791
#     886.8776000000        0.2090425444
#     900.6504000000        0.2397838313
#     908.9834000000        0.2172466972
#     935.3942000000        0.1982991417
#     942.4588000000        0.3069921913
#     949.6367000000        0.1777118842
#     967.6503000000        0.0587808707
#     990.5274000000        0.2275555328
#    1008.1999000000        0.1009902851
#    1023.8710000000        0.0355306128
#    1047.6500000000        0.0651633098
#    1063.5124000000        0.1162520900
#    1067.2244000000        0.0733981965
#    1099.6654000000        0.0847491591
#    1102.2240000000        0.1479040469
#    1140.4535000000        0.0269629596
#    1143.7927000000        0.0733881931
#    1214.3977000000        0.1332829665
#    1227.9440000000        0.1483291924
#    1239.8313000000        0.0871712411
#    1250.4530000000        0.0855073206
#    1252.5589000000        0.2510760204
#    1292.2314000000        0.5393227540
#    1297.7000000000        0.8032334966
#    1325.4551000000        0.0447203351
#    1330.9102000000        0.0775528603
#    1366.4777000000        0.1948139654
#    1384.6274000000        0.1595867014
#    1421.1099000000        0.0986243330
#    1423.5552000000        0.1383728560
#    1439.5887000000        0.1328304027
#    1444.7786000000        0.2271624868
#    1451.2319000000        0.2274033987
#    1479.7608000000        0.0776909178
#    1510.5952000000        0.0649767368
#    1513.1648000000        0.4202061272
#    1516.8091000000        0.2451354444
#    1539.8499000000        0.2991163380
#    1541.0033000000        0.0026352980
#    2722.0888000000        2.0672693566
#    3013.5134000000        1.5751702160
#    3034.8694000000        1.5297526629
#    3055.6324000000        1.0962407396
#    3070.6472000000        1.3770889261
#    3084.9746000000        1.2838428122
#    3093.0333000000        0.6424796851
#    3101.0006000000        2.1565834366
#    3103.6794000000        2.2059584891
#    3145.1973000000        0.8253615390
#    3163.5012000000        0.7972070334
#    3645.4848000000        2.0907320914
#    3695.1166000000        0.7616862345
#    3712.0360000000        0.6295123615
#    3712.7606000000        0.5772328209
#    3741.2699000000        0.7865132107

# Plot Curve (Harmonic)
#                  X                   Y               DY/DX
     -500.0000000000        0.0000000000        0.0000000000
     -491.0000000000        0.0000000000        0.0000000000
     -482.0000000000        0.0000000000        0.0000000000
     -473.0000000000        0.0000000000        0.0000000000
     -464.0000000000        0.0000000000        0.0000000000
     -455.0000000000        0.0000000000        0.0000000000
     -446.0000000000        0.0000000000        0.0000000000
     -437.0000000000        0.0000000000        0.0000000000
     -428.0000000000        0.0000000000        0.0000000000
     -419.0000000000        0.0000000000        0.0000000000
     -410.0000000000        0.0000000000        0.0000000000
     -401.0000000000        0.0000000000        0.0000000000
     -392.0000000000        0.0000000000        0.0000000000
     -383.0000000000        0.0000000000        0.0000000000
     -374.0000000000        0.0000000000        0.0000000000
     -365.0000000000        0.0000000000        0.0000000000
     -356.0000000000        0.0000000000        0.0000000000
     -347.0000000000        0.0000000000        0.0000000000
     -338.0000000000        0.0000000000        0.0000000000
     -329.0000000000        0.0000000000        0.0000000000
     -320.0000000000        0.0000000000        0.0000000000
     -311.0000000000        0.0000000000        0.0000000000
     -302.0000000000        0.0000000000        0.0000000000
     -293.0000000000        0.0000000000        0.0000000000
     -284.0000000000        0.0000000000        0.0000000000
     -275.0000000000        0.0000000000        0.0000000000
     -266.0000000000        0.0000000000        0.0000000000
     -257.0000000000        0.0000000000        0.0000000000
     -248.0000000000        0.0000000000        0.0000000000
     -239.0000000000        0.0000000000        0.0000000000
     -230.0000000000        0.0000000000        0.0000000000
     -221.0000000000        0.0000000000        0.0000000000
     -212.0000000000        0.0000000000        0.0000000000
     -203.0000000000        0.0000000000        0.0000000000
     -194.0000000000        0.0000000000        0.0000000000
     -185.0000000000        0.0000000000        0.0000000000
     -176.0000000000        0.0000000000        0.0000000000
     -167.0000000000        0.0000000000        0.0000000000
     -158.0000000000        0.0000000000        0.0000000000
     -149.0000000000        0.0000000000        0.0000000000
     -140.0000000000        0.0010375982        0.0000129624
     -131.0000000000        0.0028425942        0.0000372041
     -122.0000000000        0.0057346101        0.0000772867
     -113.0000000000        0.0064990982        0.0000932674
     -104.0000000000        0.0091775865        0.0001361690
      -95.0000000000        0.0111677847        0.0001756569
      -86.0000000000        0.0133130819        0.0002242619
      -77.0000000000        0.0155903050        0.0002850616
      -68.0000000000        0.0218189799        0.0004124741
      -59.0000000000        0.0264437451        0.0005489849
      -50.0000000000        0.0322144352        0.0007473972
      -41.0000000000        0.0416584360        0.0010777719
      -32.0000000000        0.0553937988        0.0016311957
      -23.0000000000        0.0739938989        0.0026086224
      -14.0000000000        0.1060150404        0.0046570196
       -5.0000000000        0.1687995668        0.0098811064
        4.0000000000        0.3219155207        0.0286691733
       13.0000000000        0.9748261204        0.1661333267
       22.0000000000        4.2801661905        0.0805481846
       31.0000000000        4.0912004902        0.2085837662
       40.0000000000        1.5402071630       -0.1960038894
       49.0000000000        1.6379216682        0.2630467952
       58.0000000000        1.8432441045       -0.2517642402
       67.0000000000        1.6203317159       -0.1071747138
       76.0000000000        1.1078030759        0.0065092157
       85.0000000000        2.8931848854        0.1317454842
       94.0000000000        3.0766200762       -0.4971683543
      103.0000000000        1.0498167392       -0.0680509098
      112.0000000000        1.6084694540        0.2569572909
      121.0000000000        4.0322326754        0.0649701716
      130.0000000000        1.2351297593       -0.1095653841
      139.0000000000        1.5694954530        0.0111965313
      148.0000000000        1.5130294252        0.1812667500
      157.0000000000        2.3797292190       -0.2454053893
      166.0000000000        4.1225464065        0.8024750454
      175.0000000000        5.9122836391        0.3324225012
      184.0000000000        5.1019445147       -1.0577449664
      193.0000000000        2.4897243543        0.1373813536
      202.0000000000        1.7118567449       -0.0110258098
      211.0000000000        4.0443730579        0.7919027510
      220.0000000000        5.8787365480       -1.2065451598
      229.0000000000        2.3808064770        0.0122743832
      238.0000000000        4.9345329019        0.7619540559
      247.0000000000       24.9500104321       -0.2450102133
      256.0000000000       13.8479393302       -0.4836919090
      265.0000000000        5.2608404328        0.1428722628
      274.0000000000        3.0848662533       -0.3711314437
      283.0000000000        2.5571344588        0.1801199193
      292.0000000000       10.8887136911        2.2223120199
      301.0000000000        6.2265115071       -1.3218039092
      310.0000000000        1.6653604550       -0.1387012465
      319.0000000000        1.1957774088        0.0099613613
      328.0000000000        2.3404385482        0.3738991002
      337.0000000000        3.2331480332       -0.4010852018
      346.0000000000        3.9799077902        0.5976324917
      355.0000000000       16.3716093952       -0.3099519440
      364.0000000000        3.7262934372       -0.5798802932
      373.0000000000        1.8863989073       -0.0048196930
      382.0000000000        3.6718287064        0.5915601148
      391.0000000000       11.7673816646       -1.5378844444
      400.0000000000        5.6049992855        0.6255439872
      409.0000000000        5.4306413156       -1.0804804572
      418.0000000000        3.2072274336       -0.1310710980
      427.0000000000        0.9981685388       -0.0880527805
      436.0000000000        0.6357188592       -0.0136391013
      445.0000000000        0.6301326106        0.0105524986
      454.0000000000        0.8603972184        0.0470397722
      463.0000000000        1.7688396300        0.2003529220
      472.0000000000        8.0518616305        1.7606125837
      481.0000000000       16.5156032865       -0.3093121752
      490.0000000000        7.8031078741        0.2773470606
      499.0000000000        6.5181056222       -0.8460528714
      508.0000000000        1.4251151562       -0.1693645400
      517.0000000000        0.6758446976       -0.0353083878
      526.0000000000        0.5444064585        0.0056965044
      535.0000000000        1.0492709278        0.1657155431
      544.0000000000        2.6645498610       -0.5157137941
      553.0000000000        0.5233781073       -0.0593108901
      562.0000000000        0.2777429367       -0.0105708276
      571.0000000000        0.2363094571        0.0014304908
      580.0000000000        0.3056745056        0.0167363186
      589.0000000000        0.6879038740        0.0923901477
      598.0000000000        4.1006831370        0.9165448967
      607.0000000000        1.6592305461       -0.3572350774
      616.0000000000        0.4302266958       -0.0426126683
      625.0000000000        0.2376045540       -0.0086219297
      634.0000000000        0.2485023352        0.0061605008
      643.0000000000        0.4368579239        0.0531218163
      652.0000000000        2.4392372664        0.4897243886
      661.0000000000        0.8326748514       -0.1674465651
      670.0000000000        0.2456603814       -0.0213920709
      679.0000000000        0.1433443432       -0.0055525282
      688.0000000000        0.1141569484       -0.0016293201
      697.0000000000        0.1101652825        0.0000406027
      706.0000000000        0.1136785697        0.0011454456
      715.0000000000        0.1286468352        0.0022072456
      724.0000000000        0.1543827385        0.0035971540
      733.0000000000        0.1997080796        0.0058224215
      742.0000000000        0.2720504883        0.0097586106
      751.0000000000        0.3947551729        0.0176940752
      760.0000000000        0.6256622021        0.0366342582
      769.0000000000        1.1615125159        0.0954214361
      778.0000000000        2.9355590968        0.3821376547
      787.0000000000       14.9897469455        3.6414875089
      796.0000000000       19.1627162711       -4.7630654504
      805.0000000000        3.4409299532       -0.4564289245
      814.0000000000        1.4806192727       -0.0841424111
      823.0000000000        1.5352843674        0.1498312094
      832.0000000000        1.7716758975       -0.2826584273
      841.0000000000        1.1121372029        0.0657410654
      850.0000000000        3.0261436700       -0.1384044792
      859.0000000000        1.9093928174       -0.2962660246
      868.0000000000        0.8755294087       -0.0039748668
      877.0000000000        1.4069824401        0.1579316021
      886.0000000000        6.5557364375        0.6657460070
      895.0000000000        4.1454680071        0.3693055599
      904.0000000000        7.0183347027       -0.4177066316
      913.0000000000        4.3179885660       -0.8396228343
      922.0000000000        1.8085482845        0.0005644192
      931.0000000000        4.1417368169        0.7698347576
      940.0000000000        9.6978849921        0.9219661838
      949.0000000000        7.9530350147       -0.1997611643
      958.0000000000        2.0985503225       -0.2132296881
      967.0000000000        2.4567936962        0.0900059098
      976.0000000000        1.1655380441       -0.0188026531
      985.0000000000        2.5905935772        0.5040053011
      994.0000000000        4.0458923294       -0.8692163237
     1003.0000000000        1.8434364699        0.1650566535
     1012.0000000000        1.9448270790       -0.3699577439
     1021.0000000000        1.1797063057        0.1138469588
     1030.0000000000        0.6888925571       -0.0656491285
     1039.0000000000        0.6717464818        0.0563423303
     1048.0000000000        2.2155604887       -0.0485440232
     1057.0000000000        1.5590617812        0.1882695849
     1066.0000000000        4.3497340938       -0.2620456744
     1075.0000000000        1.0059976564       -0.1310580359
     1084.0000000000        0.6300863824        0.0114969615
     1093.0000000000        1.4231440138        0.2415636949
     1102.0000000000        5.8304711612       -0.2633444431
     1111.0000000000        1.0625230896       -0.1687748650
     1120.0000000000        0.4258414685       -0.0227347169
     1129.0000000000        0.4018573434        0.0195354203
     1138.0000000000        1.3144958372        0.2615661904
     1147.0000000000        1.5264508630       -0.3367133630
     1156.0000000000        0.3614787539       -0.0333723158
     1165.0000000000        0.2200058991       -0.0061216901
     1174.0000000000        0.1989574617        0.0004633874
     1183.0000000000        0.2233450135        0.0051088138
     1192.0000000000        0.3019164622        0.0139119950
     1201.0000000000        0.5428247763        0.0494460670
     1210.0000000000        1.9980334870        0.4229507817
     1219.0000000000        2.4895178751       -0.2356460240
     1228.0000000000        4.7920236606       -0.0065973953
     1237.0000000000        3.0378225978        0.3113712819
     1246.0000000000        3.9405140455        0.4754668851
     1255.0000000000        6.3841264981       -1.3125917110
     1264.0000000000        1.6178397549       -0.1074263698
     1273.0000000000        1.5358011705        0.0679433438
     1282.0000000000        3.3729907049        0.4543065469
     1291.0000000000       18.4039280631        2.9894382544
     1300.0000000000       18.7229426192       -3.9642385286
     1309.0000000000        3.3127804226       -0.4360031592
     1318.0000000000        1.6573807773       -0.0195668856
     1327.0000000000        2.7173356870        0.0532102580
     1336.0000000000        1.4212469050       -0.2187768444
     1345.0000000000        0.6965571897       -0.0158752050
     1354.0000000000        0.8529744868        0.0604340505
     1363.0000000000        3.2173628312        0.7062047553
     1372.0000000000        2.3105670947       -0.3531870860
     1381.0000000000        2.8104643085        0.5093226607
     1390.0000000000        1.8582902294       -0.3501360782
     1399.0000000000        0.7432767592       -0.0241486259
     1408.0000000000        0.8500571472        0.0524344927
     1417.0000000000        2.6226145519        0.5273358144
     1426.0000000000        4.3275835505       -0.7361948338
     1435.0000000000        3.2882048775        0.4515605341
     1444.0000000000        8.6543334984        0.4048257710
     1453.0000000000        6.3814060442       -1.1299289224
     1462.0000000000        1.3819294100       -0.1422306315
     1471.0000000000        0.9749250910        0.0339221767
     1480.0000000000        2.4532756965       -0.0560199575
     1489.0000000000        0.9647116984       -0.0251756329
     1498.0000000000        1.3494506952        0.1203919893
     1507.0000000000        5.0395288590        1.0700792900
     1516.0000000000       13.5238946989       -1.1822644742
     1525.0000000000        2.9008384184       -0.3434854846
     1534.0000000000        3.1189443276        0.4728946691
     1543.0000000000        4.9500757251       -1.1316881808
     1552.0000000000        0.9551873241       -0.1185851128
     1561.0000000000        0.4131620293       -0.0293594641
     1570.0000000000        0.2431941385       -0.0120088198
     1579.0000000000        0.1648592510       -0.0062734026
     1588.0000000000        0.1175482297       -0.0037256817
     1597.0000000000        0.0903851504       -0.0024379294
     1606.0000000000        0.0666486820       -0.0016305042
     1615.0000000000        0.0507721066       -0.0011380833
     1624.0000000000        0.0419200787       -0.0008483235
     1633.0000000000        0.0352295339       -0.0006503503
     1642.0000000000        0.0288719363       -0.0004957453
     1651.0000000000        0.0248833875       -0.0003956655
     1660.0000000000        0.0216741161       -0.0003210061
     1669.0000000000        0.0190521782       -0.0002641307
     1678.0000000000        0.0061792920       -0.0000893894
     1687.0000000000        0.0054470227       -0.0000739841
     1696.0000000000        0.0048375802       -0.0000619241
     1705.0000000000        0.0000000000        0.0000000000
     1714.0000000000        0.0000000000        0.0000000000
     1723.0000000000        0.0000000000        0.0000000000
     1732.0000000000        0.0000000000        0.0000000000
     1741.0000000000        0.0000000000        0.0000000000
     1750.0000000000        0.0000000000        0.0000000000
     1759.0000000000        0.0000000000        0.0000000000
     1768.0000000000        0.0000000000        0.0000000000
     1777.0000000000        0.0000000000        0.0000000000
     1786.0000000000        0.0000000000        0.0000000000
     1795.0000000000        0.0000000000        0.0000000000
     1804.0000000000        0.0000000000        0.0000000000
     1813.0000000000        0.0000000000        0.0000000000
     1822.0000000000        0.0000000000        0.0000000000
     1831.0000000000        0.0000000000        0.0000000000
     1840.0000000000        0.0000000000        0.0000000000
     1849.0000000000        0.0000000000        0.0000000000
     1858.0000000000        0.0000000000        0.0000000000
     1867.0000000000        0.0000000000        0.0000000000
     1876.0000000000        0.0000000000        0.0000000000
     1885.0000000000        0.0000000000        0.0000000000
     1894.0000000000        0.0000000000        0.0000000000
     1903.0000000000        0.0000000000        0.0000000000
     1912.0000000000        0.0000000000        0.0000000000
     1921.0000000000        0.0000000000        0.0000000000
     1930.0000000000        0.0000000000        0.0000000000
     1939.0000000000        0.0000000000        0.0000000000
     1948.0000000000        0.0000000000        0.0000000000
     1957.0000000000        0.0000000000        0.0000000000
     1966.0000000000        0.0000000000        0.0000000000
     1975.0000000000        0.0000000000        0.0000000000
     1984.0000000000        0.0000000000        0.0000000000
     1993.0000000000        0.0000000000        0.0000000000
     2002.0000000000        0.0000000000        0.0000000000
     2011.0000000000        0.0000000000        0.0000000000
     2020.0000000000        0.0000000000        0.0000000000
     2029.0000000000        0.0000000000        0.0000000000
     2038.0000000000        0.0000000000        0.0000000000
     2047.0000000000        0.0000000000        0.0000000000
     2056.0000000000        0.0000000000        0.0000000000
     2065.0000000000        0.0000000000        0.0000000000
     2074.0000000000        0.0000000000        0.0000000000
     2083.0000000000        0.0000000000        0.0000000000
     2092.0000000000        0.0000000000        0.0000000000
     2101.0000000000        0.0000000000        0.0000000000
     2110.0000000000        0.0000000000        0.0000000000
     2119.0000000000        0.0000000000        0.0000000000
     2128.0000000000        0.0000000000        0.0000000000
     2137.0000000000        0.0000000000        0.0000000000
     2146.0000000000        0.0000000000        0.0000000000
     2155.0000000000        0.0000000000        0.0000000000
     2164.0000000000        0.0000000000        0.0000000000
     2173.0000000000        0.0000000000        0.0000000000
     2182.0000000000        0.0000000000        0.0000000000
     2191.0000000000        0.0000000000        0.0000000000
     2200.0000000000        0.0000000000        0.0000000000
     2209.0000000000        0.0000000000        0.0000000000
     2218.0000000000        0.0000000000        0.0000000000
     2227.0000000000        0.0000000000        0.0000000000
     2236.0000000000        0.0000000000        0.0000000000
     2245.0000000000        0.0000000000        0.0000000000
     2254.0000000000        0.0000000000        0.0000000000
     2263.0000000000        0.0000000000        0.0000000000
     2272.0000000000        0.0000000000        0.0000000000
     2281.0000000000        0.0000000000        0.0000000000
     2290.0000000000        0.0000000000        0.0000000000
     2299.0000000000        0.0000000000        0.0000000000
     2308.0000000000        0.0000000000        0.0000000000
     2317.0000000000        0.0000000000        0.0000000000
     2326.0000000000        0.0000000000        0.0000000000
     2335.0000000000        0.0000000000        0.0000000000
     2344.0000000000        0.0000000000        0.0000000000
     2353.0000000000        0.0000000000        0.0000000000
     2362.0000000000        0.0000000000        0.0000000000
     2371.0000000000        0.0000000000        0.0000000000
     2380.0000000000        0.0000000000        0.0000000000
     2389.0000000000        0.0000000000        0.0000000000
     2398.0000000000        0.0000000000        0.0000000000
     2407.0000000000        0.0000000000        0.0000000000
     2416.0000000000        0.0000000000        0.0000000000
     2425.0000000000        0.0000000000        0.0000000000
     2434.0000000000        0.0000000000        0.0000000000
     2443.0000000000        0.0000000000        0.0000000000
     2452.0000000000        0.0000000000        0.0000000000
     2461.0000000000        0.0000000000        0.0000000000
     2470.0000000000        0.0000000000        0.0000000000
     2479.0000000000        0.0000000000        0.0000000000
     2488.0000000000        0.0000000000        0.0000000000
     2497.0000000000        0.0000000000        0.0000000000
     2506.0000000000        0.0000000000        0.0000000000
     2515.0000000000        0.0000000000        0.0000000000
     2524.0000000000        0.0000000000        0.0000000000
     2533.0000000000        0.0000000000        0.0000000000
     2542.0000000000        0.0000000000        0.0000000000
     2551.0000000000        0.0000000000        0.0000000000
     2560.0000000000        0.0000000000        0.0000000000
     2569.0000000000        0.0259551871        0.0003388553
     2578.0000000000        0.0292962737        0.0004063288
     2587.0000000000        0.0333263769        0.0004929673
     2596.0000000000        0.0382487742        0.0006060859
     2605.0000000000        0.0443476016        0.0007566207
     2614.0000000000        0.0520297392        0.0009614055
     2623.0000000000        0.0618943666        0.0012472382
     2632.0000000000        0.0748532150        0.0016584956
     2641.0000000000        0.0923485660        0.0022721855
     2650.0000000000        0.1167714684        0.0032297126
     2659.0000000000        0.1523212656        0.0048094559
     2668.0000000000        0.2069302731        0.0076098835
     2677.0000000000        0.2970745586        0.0130744130
     2686.0000000000        0.4616998262        0.0252763561
     2695.0000000000        0.8118207946        0.0586587374
     2704.0000000000        1.7735939002        0.1869565697
     2713.0000000000        6.1730926575        1.1379802879
     2722.0000000000       38.0253681169        0.4218736699
     2731.0000000000        6.3799289329       -1.1917645807
     2740.0000000000        1.8072615865       -0.1922159046
     2749.0000000000        0.8223389691       -0.0597939725
     2758.0000000000        0.4662217191       -0.0256470561
     2767.0000000000        0.2994102215       -0.0132284971
     2776.0000000000        0.2082884255       -0.0076847877
     2785.0000000000        0.1531790259       -0.0048500831
     2794.0000000000        0.1173471833       -0.0032536024
     2803.0000000000        0.0927534315       -0.0022871319
     2812.0000000000        0.0751486348       -0.0016683170
     2821.0000000000        0.0621164718       -0.0012539541
     2830.0000000000        0.0522009058       -0.0009661514
     2839.0000000000        0.0444822833       -0.0007600687
     2848.0000000000        0.0383566426       -0.0006086507
     2857.0000000000        0.0510001639       -0.0002703384
     2866.0000000000        0.0491643728       -0.0001396374
     2875.0000000000        0.0647466257        0.0001874025
     2884.0000000000        0.0439556335        0.0006382734
     2893.0000000000        0.0503203605        0.0007826852
     2902.0000000000        0.0707524970        0.0011380006
     2911.0000000000        0.0968095685        0.0016133566
     2920.0000000000        0.1131999869        0.0020530425
     2929.0000000000        0.1484781751        0.0028560413
     2938.0000000000        0.1853256847        0.0038950380
     2947.0000000000        0.2748185244        0.0059800669
     2956.0000000000        0.3388973275        0.0084658721
     2965.0000000000        0.4325157033        0.0127598606
     2974.0000000000        0.5802629354        0.0210699865
     2983.0000000000        0.8425849894        0.0401436724
     2992.0000000000        1.4195657197        0.0981357255
     3001.0000000000        3.2241185734        0.3928224847
     3010.0000000000       16.3507110092        3.8368080832
     3019.0000000000       11.5637967827       -2.0165859212
     3028.0000000000        9.4657640623        1.2353476270
     3037.0000000000       22.6806242192       -4.1488681210
     3046.0000000000        7.4089405331        0.0605835177
     3055.0000000000       21.8172533672        1.5139038696
     3064.0000000000       12.0713307143        0.7780305382
     3073.0000000000       22.5695383177       -3.4329929174
     3082.0000000000       21.2262775318        3.3468151171
     3091.0000000000       24.8824033499        1.4479270321
     3100.0000000000       58.9099731023        8.1859342882
     3109.0000000000       22.4611499184       -4.7715969920
     3118.0000000000        5.8724901321       -0.5827254231
     3127.0000000000        3.2708220571       -0.1011513590
     3136.0000000000        3.8909358704        0.3418668467
     3145.0000000000       15.1651357777        0.3566261612
     3154.0000000000        5.0018104224       -0.1097818163
     3163.0000000000       14.0998390095        0.7119583417
     3172.0000000000        3.0879628269       -0.4904892111
     3181.0000000000        1.1368297954       -0.0872589198
     3190.0000000000        0.6613905160       -0.0316898205
     3199.0000000000        0.4432049580       -0.0158140528
     3208.0000000000        0.3330834600       -0.0094657642
     3217.0000000000        0.2522410220       -0.0061485196
     3226.0000000000        0.2056639268       -0.0043535141
     3235.0000000000        0.1581438945       -0.0030661270
     3244.0000000000        0.1340030030       -0.0023446217
     3253.0000000000        0.1030736851       -0.0016975625
     3262.0000000000        0.0611255023       -0.0010085387
     3271.0000000000        0.0319348768       -0.0005561325
     3280.0000000000        0.0274644495       -0.0004430327
     3289.0000000000        0.0238743597       -0.0003587327
     3298.0000000000        0.0209470603       -0.0002945944
     3307.0000000000        0.0101900889       -0.0001419131
     3316.0000000000        0.0090236093       -0.0001182620
     3325.0000000000        0.0000000000        0.0000000000
     3334.0000000000        0.0000000000        0.0000000000
     3343.0000000000        0.0000000000        0.0000000000
     3352.0000000000        0.0000000000        0.0000000000
     3361.0000000000        0.0000000000        0.0000000000
     3370.0000000000        0.0000000000        0.0000000000
     3379.0000000000        0.0000000000        0.0000000000
     3388.0000000000        0.0000000000        0.0000000000
     3397.0000000000        0.0000000000        0.0000000000
     3406.0000000000        0.0000000000        0.0000000000
     3415.0000000000        0.0000000000        0.0000000000
     3424.0000000000        0.0000000000        0.0000000000
     3433.0000000000        0.0000000000        0.0000000000
     3442.0000000000        0.0000000000        0.0000000000
     3451.0000000000        0.0000000000        0.0000000000
     3460.0000000000        0.0000000000        0.0000000000
     3469.0000000000        0.0000000000        0.0000000000
     3478.0000000000        0.0000000000        0.0000000000
     3487.0000000000        0.0193324452        0.0002438106
     3496.0000000000        0.0217286957        0.0002905064
     3505.0000000000        0.0245995954        0.0003499264
     3514.0000000000        0.0280792649        0.0004267155
     3523.0000000000        0.0323527546        0.0005277110
     3532.0000000000        0.0376811350        0.0006632497
     3541.0000000000        0.0517929191        0.0009447751
     3550.0000000000        0.0614895915        0.0012265194
     3559.0000000000        0.0859486111        0.0017866895
     3568.0000000000        0.1047229124        0.0024304067
     3577.0000000000        0.1307738915        0.0034381409
     3586.0000000000        0.1759737799        0.0052111978
     3595.0000000000        0.2351521174        0.0082592457
     3604.0000000000        0.3336090183        0.0143911362
     3613.0000000000        0.5180894474        0.0288641142
     3622.0000000000        0.9349015411        0.0726964358
     3631.0000000000        2.2502472998        0.2786539232
     3640.0000000000       10.6708022896        2.5136989687
     3649.0000000000       17.3057413681       -4.2421339008
     3658.0000000000        3.0583116103       -0.3974234067
     3667.0000000000        1.3961919065       -0.0693878122
     3676.0000000000        1.2184098619        0.0253041819
     3685.0000000000        2.2002582938        0.2646962533
     3694.0000000000       11.1935198667        1.3876441575
     3703.0000000000        5.1585968182        0.0303365419
     3712.0000000000       17.8264369672        0.7151313520
     3721.0000000000        3.8199623757       -0.5679977020
     3730.0000000000        2.3008759282        0.0954394604
     3739.0000000000        8.9509210474        1.7749681178
     3748.0000000000        3.2302623081       -0.6536072795
     3757.0000000000        0.8982628790       -0.0890559287
     3766.0000000000        0.4473666679       -0.0274448514
     3775.0000000000        0.2807058959       -0.0123870245
     3784.0000000000        0.1976844426       -0.0068410389
     3793.0000000000        0.1490090612       -0.0042645413
     3802.0000000000        0.1174446630       -0.0028787195
     3811.0000000000        0.0778110170       -0.0018410705
     3820.0000000000        0.0636259162       -0.0013465819
     3829.0000000000        0.0530812957       -0.0010176743
     3838.0000000000        0.0450082372       -0.0007895061
     3847.0000000000        0.0386782599       -0.0006257811
     3856.0000000000        0.0268704841       -0.0004211818
     3865.0000000000        0.0234499471       -0.0003425818
     3874.0000000000        0.0101063920       -0.0001521467
     3883.0000000000        0.0088646023       -0.0001249918
     3892.0000000000        0.0078383295       -0.0001039316
     3901.0000000000        0.0069804502       -0.0000873483
     3910.0000000000        0.0000000000        0.0000000000
     3919.0000000000        0.0000000000        0.0000000000
     3928.0000000000        0.0000000000        0.0000000000
     3937.0000000000        0.0000000000        0.0000000000
     3946.0000000000        0.0000000000        0.0000000000
     3955.0000000000        0.0000000000        0.0000000000
     3964.0000000000        0.0000000000        0.0000000000
     3973.0000000000        0.0000000000        0.0000000000
     3982.0000000000        0.0000000000        0.0000000000
     3991.0000000000        0.0000000000        0.0000000000
