# Raman Scattering Spectrum
# X-Axis:  Frequency (cm-1)
# Y-Axis:  Intensity (10-36 m2 cm/sr)

# Harmonic Data

# Peak information (Harmonic)
#                  X                   Y
#      22.0632686000        1.3347697479
#      30.3414109000        0.1211781831
#      34.8780060000        1.4695044001
#      47.2561905000        0.0298591703
#      53.2790165000        0.2139978773
#      84.6374302000        0.2137037602
#      99.1843567000        0.1479824341
#     118.3968080000        0.0694202066
#     162.3034490000        0.0495939401
#     174.1369470000        0.1948199651
#     206.9531790000        0.0540537651
#     235.4912860000        0.0161718642
#     251.8633240000        0.0464594263
#     267.9418340000        0.0567401300
#     275.5448150000        0.0280198393
#     296.8015790000        0.0376309868
#     326.5093970000        0.0413485655
#     346.6665460000        0.0739561638
#     362.5861930000        0.0305927924
#     366.6648440000        0.2574814365
#     381.6372110000        0.0279801888
#     404.5947140000        0.0885382839
#     407.7080030000        0.0614593892
#     449.5643850000        0.0770270394
#     488.0583160000        0.1521017305
#     493.8638450000        0.0974651048
#     512.6151020000        0.0857002216
#     552.7993220000        0.1043547135
#     582.2001920000        0.0897890759
#     642.6412690000        0.1132422235
#     674.0723940000        0.0849658293
#     711.0491560000        0.0654845217
#     746.7786060000        0.1172726537
#     817.8222060000        0.2621179390
#     865.1572930000        0.2661205121
#     885.3178660000        0.1106531870
#     892.6924090000        0.2973401875
#     926.6908420000        0.1346249899
#     988.8264970000        0.1665672166
#    1018.3138200000        0.0626902213
#    1024.6583500000        0.0502861530
#    1029.6168800000        0.1431486929
#    1060.8264300000        0.1949898781
#    1067.1567200000        0.0494535824
#    1084.5828800000        0.1434726763
#    1096.1971500000        0.2478171869
#    1117.4516400000        0.3265347260
#    1167.4389800000        0.2280279871
#    1179.9183900000        0.1029477606
#    1186.9497000000        0.0653718099
#    1213.8675500000        0.0948568228
#    1228.3518600000        0.0908259341
#    1273.6024000000        0.1290371009
#    1286.9905000000        0.0784737176
#    1312.0695300000        0.1311565801
#    1324.3237800000        0.0658578931
#    1352.5135100000        0.0661341074
#    1360.5611500000        0.2453693055
#    1383.5775300000        0.1924037977
#    1391.0888300000        0.3103136425
#    1393.1661900000        0.0410235164
#    1395.5706300000        0.2342680560
#    1403.6476300000        0.1819328282
#    1409.3187300000        0.1010656853
#    1415.3108800000        0.0291597831
#    1425.7302300000        0.1143806859
#    1452.8540900000        0.0894351510
#    1477.6177700000        0.1304593563
#    1725.8949800000        0.1347883359
#    1760.1960200000        1.2650881931
#    3023.8622900000        1.5239217694
#    3037.3127400000        2.5521447287
#    3052.6840300000        2.5829550290
#    3067.2369900000        2.3978359645
#    3075.8935400000        0.7356441608
#    3081.5897400000        1.4794806122
#    3088.1370100000        0.1804146884
#    3096.8841100000        1.0269022363
#    3701.0014400000        0.9504130811
#    3738.0444700000        0.6537991628
#    3774.8076400000        0.7333717940
#    3800.3673200000        0.7871025451
#    3803.7921400000        0.7650458844
#    3805.2394000000        0.5853614948

# Plot Curve (Harmonic)
#                  X                   Y               DY/DX
     -500.0000000000        0.0000000000        0.0000000000
     -491.0000000000        0.0000000000        0.0000000000
     -482.0000000000        0.0000000000        0.0000000000
     -473.0000000000        0.0000000000        0.0000000000
     -464.0000000000        0.0000000000        0.0000000000
     -455.0000000000        0.0000000000        0.0000000000
     -446.0000000000        0.0000000000        0.0000000000
     -437.0000000000        0.0000000000        0.0000000000
     -428.0000000000        0.0000000000        0.0000000000
     -419.0000000000        0.0000000000        0.0000000000
     -410.0000000000        0.0000000000        0.0000000000
     -401.0000000000        0.0000000000        0.0000000000
     -392.0000000000        0.0000000000        0.0000000000
     -383.0000000000        0.0000000000        0.0000000000
     -374.0000000000        0.0000000000        0.0000000000
     -365.0000000000        0.0000000000        0.0000000000
     -356.0000000000        0.0000000000        0.0000000000
     -347.0000000000        0.0000000000        0.0000000000
     -338.0000000000        0.0000000000        0.0000000000
     -329.0000000000        0.0000000000        0.0000000000
     -320.0000000000        0.0000000000        0.0000000000
     -311.0000000000        0.0000000000        0.0000000000
     -302.0000000000        0.0000000000        0.0000000000
     -293.0000000000        0.0000000000        0.0000000000
     -284.0000000000        0.0000000000        0.0000000000
     -275.0000000000        0.0000000000        0.0000000000
     -266.0000000000        0.0000000000        0.0000000000
     -257.0000000000        0.0000000000        0.0000000000
     -248.0000000000        0.0000000000        0.0000000000
     -239.0000000000        0.0000000000        0.0000000000
     -230.0000000000        0.0000000000        0.0000000000
     -221.0000000000        0.0000000000        0.0000000000
     -212.0000000000        0.0000000000        0.0000000000
     -203.0000000000        0.0000000000        0.0000000000
     -194.0000000000        0.0000000000        0.0000000000
     -185.0000000000        0.0000000000        0.0000000000
     -176.0000000000        0.0000000000        0.0000000000
     -167.0000000000        0.0000000000        0.0000000000
     -158.0000000000        0.0000000000        0.0000000000
     -149.0000000000        0.0000000000        0.0000000000
     -140.0000000000        0.0000000000        0.0000000000
     -131.0000000000        0.0311959329        0.0004073432
     -122.0000000000        0.0706731856        0.0009413384
     -113.0000000000        0.0799741777        0.0011334878
     -104.0000000000        0.0966603523        0.0014510164
      -95.0000000000        0.1111784059        0.0017911752
      -86.0000000000        0.1292468035        0.0022470562
      -77.0000000000        0.1521313104        0.0028726359
      -68.0000000000        0.1866757649        0.0038202292
      -59.0000000000        0.2297131193        0.0051612054
      -50.0000000000        0.2844301516        0.0071423673
      -41.0000000000        0.3632295238        0.0103208749
      -32.0000000000        0.4780675632        0.0157064271
      -23.0000000000        0.6594852460        0.0257176050
      -14.0000000000        0.9729921113        0.0467820972
       -5.0000000000        1.5937235166        0.1003147269
        4.0000000000        3.1451021222        0.2882218482
       13.0000000000        9.4071980323        1.5481204466
       22.0000000000       51.0840162857        1.1484965611
       31.0000000000       37.8869352214        4.7475938369
       40.0000000000       22.7211555999       -4.8114078489
       49.0000000000        9.2840222748        0.1178835595
       58.0000000000        5.4959796198       -0.9152453581
       67.0000000000        2.2412152910       -0.1024616767
       76.0000000000        2.4462719198        0.2032384462
       85.0000000000        8.2312325810       -0.2985020076
       94.0000000000        3.5239666532        0.2381550891
      103.0000000000        3.4648275569       -0.6771840882
      112.0000000000        1.5637450720        0.0677918527
      121.0000000000        2.1630596355       -0.3958105113
      130.0000000000        0.6526640341       -0.0454635096
      139.0000000000        0.4661067815       -0.0058010569
      148.0000000000        0.5144216210        0.0197095668
      157.0000000000        1.1318177438        0.1767392523
      166.0000000000        2.3203266189        0.0252183532
      175.0000000000        6.4843803516       -0.6577002387
      184.0000000000        1.1136449565       -0.1601783867
      193.0000000000        0.5284884114       -0.0124018838
      202.0000000000        0.9083822273        0.1623479542
      211.0000000000        1.0411115872       -0.2222574046
      220.0000000000        0.3132364764       -0.0176559212
      229.0000000000        0.3441211738        0.0313335127
      238.0000000000        0.6302424613       -0.0697556342
      247.0000000000        0.8249195207        0.1473615940
      256.0000000000        1.0457970740       -0.1530164676
      265.0000000000        1.5230659713        0.2871067893
      274.0000000000        1.4981408410        0.0033306277
      283.0000000000        0.5105107104       -0.0454156574
      292.0000000000        0.6943259542        0.1138223677
      301.0000000000        0.7444732910       -0.1437895466
      310.0000000000        0.3094269573       -0.0042636753
      319.0000000000        0.4947029425        0.0629508534
      328.0000000000        1.4323795647       -0.1761333171
      337.0000000000        0.7421532662        0.0443213473
      346.0000000000        2.7632848316        0.2155611316
      355.0000000000        1.6187603016        0.0902014014
      364.0000000000        6.7850581490        1.1651839948
      373.0000000000        2.7754220959       -0.5178976698
      382.0000000000        1.6377432843       -0.0980051943
      391.0000000000        0.7562450332       -0.0017100724
      400.0000000000        1.8412107955        0.3708457236
      409.0000000000        3.1800178057       -0.5743086077
      418.0000000000        0.6300425834       -0.0740062869
      427.0000000000        0.3383451445       -0.0097384177
      436.0000000000        0.3722489376        0.0213245123
      445.0000000000        1.2038070335        0.2587275636
      454.0000000000        1.2528025462       -0.2644800830
      463.0000000000        0.4339628390       -0.0148713492
      472.0000000000        0.5191900390        0.0351477142
      481.0000000000        1.5338532425        0.2832032275
      490.0000000000        5.5189008981       -0.3533745045
      499.0000000000        1.9650211682       -0.3371970605
      508.0000000000        1.6008716193        0.2341316208
      517.0000000000        1.4512008101       -0.3097356635
      526.0000000000        0.4208581229       -0.0298920222
      535.0000000000        0.3336593778        0.0072491060
      544.0000000000        0.6766909711        0.1000670080
      553.0000000000        3.3036241138       -0.0783291945
      562.0000000000        0.6696853788       -0.0839890960
      571.0000000000        0.5048216191        0.0328645722
      580.0000000000        2.2058165979        0.4366228079
      589.0000000000        0.7892363261       -0.1547093152
      598.0000000000        0.2458949757       -0.0195040404
      607.0000000000        0.1584804830       -0.0036402830
      616.0000000000        0.1554029593        0.0032196159
      625.0000000000        0.2338041494        0.0171845823
      634.0000000000        0.6653801053        0.1145310503
      643.0000000000        3.4418718102       -0.1473363835
      652.0000000000        0.6370913913       -0.0875641177
      661.0000000000        0.4077902878        0.0147145902
      670.0000000000        1.3553879853        0.3059530712
      679.0000000000        1.0995643756       -0.2455789835
      688.0000000000        0.3047558437       -0.0213924401
      697.0000000000        0.2737049695        0.0130068577
      706.0000000000        0.8492598645        0.1801329012
      715.0000000000        1.0844726068       -0.2422211935
      724.0000000000        0.3170400034       -0.0154617398
      733.0000000000        0.3800101466        0.0302579160
      742.0000000000        1.4985336539        0.3462666332
      751.0000000000        1.6995123955       -0.4053165338
      760.0000000000        0.3676632806       -0.0389740343
      769.0000000000        0.2030836065       -0.0072933259
      778.0000000000        0.1776336195        0.0005981782
      787.0000000000        0.2098815896        0.0069747717
      796.0000000000        0.3266816318        0.0218950649
      805.0000000000        0.7541599900        0.0962646525
      814.0000000000        4.0453081760        0.9876965613
      823.0000000000        2.9488375116       -0.6782958538
      832.0000000000        0.7403467947       -0.0644567881
      841.0000000000        0.5157925846        0.0011548624
      850.0000000000        0.7425073344        0.0597033424
      859.0000000000        2.5335284938        0.5231826128
      868.0000000000        5.4903680886       -1.1564524995
      877.0000000000        1.9528610399        0.0588530393
      886.0000000000        5.6140309365        0.2115639109
      895.0000000000        7.0069953034       -1.4536071343
      904.0000000000        1.3075814910       -0.1556181442
      913.0000000000        0.7687675873        0.0037875408
      922.0000000000        1.8648694339        0.3802174514
      931.0000000000        1.9468350453       -0.4422251629
      940.0000000000        0.4803432920       -0.0452018455
      949.0000000000        0.2787306521       -0.0095716454
      958.0000000000        0.2479797359        0.0005874656
      967.0000000000        0.2978212864        0.0119965537
      976.0000000000        0.5545506392        0.0588759869
      985.0000000000        2.5685088708        0.6053337269
      994.0000000000        1.9330297594       -0.4097525468
     1003.0000000000        0.6776520467       -0.0194959073
     1012.0000000000        1.0588106756        0.1415940874
     1021.0000000000        2.8513518477        0.0450413252
     1030.0000000000        4.8073429476       -0.3256452105
     1039.0000000000        1.1029734095       -0.1087957736
     1048.0000000000        0.9379415703        0.0533644447
     1057.0000000000        3.3000644029        0.7264536528
     1066.0000000000        3.6771448103       -0.2919825832
     1075.0000000000        1.6371558157        0.0179077642
     1084.0000000000        4.8817553812        0.3537913930
     1093.0000000000        5.2131714938        0.8694595677
     1102.0000000000        3.0387256575       -0.4618320053
     1111.0000000000        3.1009927130        0.4820640989
     1120.0000000000        6.6073370484       -1.4336959937
     1129.0000000000        1.2129322512       -0.1493728619
     1138.0000000000        0.5965643536       -0.0251691613
     1147.0000000000        0.5414828646        0.0116659939
     1156.0000000000        0.9458796813        0.1051350520
     1165.0000000000        4.8107842748        1.0087691592
     1174.0000000000        2.7855329818       -0.1459769803
     1183.0000000000        3.1066083725       -0.2385520208
     1192.0000000000        1.2697790927       -0.2073183051
     1201.0000000000        0.6458187492        0.0037143782
     1210.0000000000        1.6161293711        0.3242448443
     1219.0000000000        1.4729061703       -0.1660674528
     1228.0000000000        2.6901105657        0.0780550097
     1237.0000000000        0.6426510975       -0.0846079193
     1246.0000000000        0.3344413913       -0.0093302042
     1255.0000000000        0.3495859350        0.0126261357
     1264.0000000000        0.6994934406        0.0921107551
     1273.0000000000        3.5807068579        0.2631721323
     1282.0000000000        1.5842277474        0.0784103240
     1291.0000000000        1.4244467176       -0.2587638181
     1300.0000000000        0.7442329213        0.0251385306
     1309.0000000000        2.4786491549        0.5218497267
     1318.0000000000        1.7780565912       -0.1332852677
     1327.0000000000        1.6838316946       -0.2888539419
     1336.0000000000        0.7040749800       -0.0074093931
     1345.0000000000        1.0976137491        0.1229619496
     1354.0000000000        3.5622245598        0.1462366017
     1363.0000000000        5.3527139069       -1.0128464228
     1372.0000000000        1.9744457354        0.0233445078
     1381.0000000000        5.5543045979        1.0274325977
     1390.0000000000       12.0145363136        1.3067063611
     1399.0000000000        8.1574487236       -0.7350278380
     1408.0000000000        5.9710673542       -0.2794914045
     1417.0000000000        2.6127715888       -0.2181418796
     1426.0000000000        3.5957352659       -0.1506755600
     1435.0000000000        0.9412097228       -0.0895307470
     1444.0000000000        0.7828684091        0.0500279583
     1453.0000000000        2.5312489073       -0.0439514719
     1462.0000000000        0.7114214166       -0.0472498658
     1471.0000000000        1.0844873785        0.1773656922
     1480.0000000000        2.5240127542       -0.5306280467
     1489.0000000000        0.4528827019       -0.0586915683
     1498.0000000000        0.1952485354       -0.0132815592
     1507.0000000000        0.1195748373       -0.0052802775
     1516.0000000000        0.0840855403       -0.0027654844
     1525.0000000000        0.0608763833       -0.0016554054
     1534.0000000000        0.0486543359       -0.0011139545
     1543.0000000000        0.0401578553       -0.0007999083
     1552.0000000000        0.0263184757       -0.0005084453
     1561.0000000000        0.0182689732       -0.0003396261
     1570.0000000000        0.0134223501       -0.0001853780
     1579.0000000000        0.0115603243       -0.0001282022
     1588.0000000000        0.0088475994       -0.0000672018
     1597.0000000000        0.0083796687       -0.0000374504
     1606.0000000000        0.0279197619        0.0002458173
     1615.0000000000        0.0291163979        0.0003405963
     1624.0000000000        0.0325838357        0.0004336109
     1633.0000000000        0.0370024236        0.0005537853
     1642.0000000000        0.0407594352        0.0007381605
     1651.0000000000        0.0483371891        0.0009589559
     1660.0000000000        0.0583236556        0.0012817662
     1669.0000000000        0.0719207288        0.0017773894
     1678.0000000000        0.0912534272        0.0025908889
     1687.0000000000        0.1204806024        0.0040627513
     1696.0000000000        0.1690927870        0.0071725837
     1705.0000000000        0.2649935218        0.0158296513
     1714.0000000000        0.5391169250        0.0578104867
     1723.0000000000        2.4062683875        0.5095393976
     1732.0000000000        1.5271020512       -0.1768982590
     1741.0000000000        1.4291297378        0.0964775221
     1750.0000000000        4.0024823629        0.6591905332
     1759.0000000000       27.0091557326        3.6976222238
     1768.0000000000        6.1397660959       -1.2417207520
     1777.0000000000        1.5943851829       -0.1781703821
     1786.0000000000        0.7032038646       -0.0526324769
     1795.0000000000        0.3934768614       -0.0220226326
     1804.0000000000        0.2511689834       -0.0112101025
     1813.0000000000        0.1742380215       -0.0064638637
     1822.0000000000        0.1279855876       -0.0040619104
     1831.0000000000        0.0980152178       -0.0027180496
     1840.0000000000        0.0774846559       -0.0019079951
     1849.0000000000        0.0628037456       -0.0013907860
     1858.0000000000        0.0519411665       -0.0010450892
     1867.0000000000        0.0436771971       -0.0008052550
     1876.0000000000        0.0372433589       -0.0006336366
     1885.0000000000        0.0321358509       -0.0005075848
     1894.0000000000        0.0262278902       -0.0003916845
     1903.0000000000        0.0230286319       -0.0003222680
     1912.0000000000        0.0203808185       -0.0002683286
     1921.0000000000        0.0000000000        0.0000000000
     1930.0000000000        0.0000000000        0.0000000000
     1939.0000000000        0.0000000000        0.0000000000
     1948.0000000000        0.0000000000        0.0000000000
     1957.0000000000        0.0000000000        0.0000000000
     1966.0000000000        0.0000000000        0.0000000000
     1975.0000000000        0.0000000000        0.0000000000
     1984.0000000000        0.0000000000        0.0000000000
     1993.0000000000        0.0000000000        0.0000000000
     2002.0000000000        0.0000000000        0.0000000000
     2011.0000000000        0.0000000000        0.0000000000
     2020.0000000000        0.0000000000        0.0000000000
     2029.0000000000        0.0000000000        0.0000000000
     2038.0000000000        0.0000000000        0.0000000000
     2047.0000000000        0.0000000000        0.0000000000
     2056.0000000000        0.0000000000        0.0000000000
     2065.0000000000        0.0000000000        0.0000000000
     2074.0000000000        0.0000000000        0.0000000000
     2083.0000000000        0.0000000000        0.0000000000
     2092.0000000000        0.0000000000        0.0000000000
     2101.0000000000        0.0000000000        0.0000000000
     2110.0000000000        0.0000000000        0.0000000000
     2119.0000000000        0.0000000000        0.0000000000
     2128.0000000000        0.0000000000        0.0000000000
     2137.0000000000        0.0000000000        0.0000000000
     2146.0000000000        0.0000000000        0.0000000000
     2155.0000000000        0.0000000000        0.0000000000
     2164.0000000000        0.0000000000        0.0000000000
     2173.0000000000        0.0000000000        0.0000000000
     2182.0000000000        0.0000000000        0.0000000000
     2191.0000000000        0.0000000000        0.0000000000
     2200.0000000000        0.0000000000        0.0000000000
     2209.0000000000        0.0000000000        0.0000000000
     2218.0000000000        0.0000000000        0.0000000000
     2227.0000000000        0.0000000000        0.0000000000
     2236.0000000000        0.0000000000        0.0000000000
     2245.0000000000        0.0000000000        0.0000000000
     2254.0000000000        0.0000000000        0.0000000000
     2263.0000000000        0.0000000000        0.0000000000
     2272.0000000000        0.0000000000        0.0000000000
     2281.0000000000        0.0000000000        0.0000000000
     2290.0000000000        0.0000000000        0.0000000000
     2299.0000000000        0.0000000000        0.0000000000
     2308.0000000000        0.0000000000        0.0000000000
     2317.0000000000        0.0000000000        0.0000000000
     2326.0000000000        0.0000000000        0.0000000000
     2335.0000000000        0.0000000000        0.0000000000
     2344.0000000000        0.0000000000        0.0000000000
     2353.0000000000        0.0000000000        0.0000000000
     2362.0000000000        0.0000000000        0.0000000000
     2371.0000000000        0.0000000000        0.0000000000
     2380.0000000000        0.0000000000        0.0000000000
     2389.0000000000        0.0000000000        0.0000000000
     2398.0000000000        0.0000000000        0.0000000000
     2407.0000000000        0.0000000000        0.0000000000
     2416.0000000000        0.0000000000        0.0000000000
     2425.0000000000        0.0000000000        0.0000000000
     2434.0000000000        0.0000000000        0.0000000000
     2443.0000000000        0.0000000000        0.0000000000
     2452.0000000000        0.0000000000        0.0000000000
     2461.0000000000        0.0000000000        0.0000000000
     2470.0000000000        0.0000000000        0.0000000000
     2479.0000000000        0.0000000000        0.0000000000
     2488.0000000000        0.0000000000        0.0000000000
     2497.0000000000        0.0000000000        0.0000000000
     2506.0000000000        0.0000000000        0.0000000000
     2515.0000000000        0.0000000000        0.0000000000
     2524.0000000000        0.0000000000        0.0000000000
     2533.0000000000        0.0000000000        0.0000000000
     2542.0000000000        0.0000000000        0.0000000000
     2551.0000000000        0.0000000000        0.0000000000
     2560.0000000000        0.0000000000        0.0000000000
     2569.0000000000        0.0000000000        0.0000000000
     2578.0000000000        0.0000000000        0.0000000000
     2587.0000000000        0.0000000000        0.0000000000
     2596.0000000000        0.0000000000        0.0000000000
     2605.0000000000        0.0000000000        0.0000000000
     2614.0000000000        0.0000000000        0.0000000000
     2623.0000000000        0.0000000000        0.0000000000
     2632.0000000000        0.0000000000        0.0000000000
     2641.0000000000        0.0000000000        0.0000000000
     2650.0000000000        0.0000000000        0.0000000000
     2659.0000000000        0.0000000000        0.0000000000
     2668.0000000000        0.0000000000        0.0000000000
     2677.0000000000        0.0000000000        0.0000000000
     2686.0000000000        0.0000000000        0.0000000000
     2695.0000000000        0.0000000000        0.0000000000
     2704.0000000000        0.0000000000        0.0000000000
     2713.0000000000        0.0000000000        0.0000000000
     2722.0000000000        0.0000000000        0.0000000000
     2731.0000000000        0.0000000000        0.0000000000
     2740.0000000000        0.0000000000        0.0000000000
     2749.0000000000        0.0000000000        0.0000000000
     2758.0000000000        0.0000000000        0.0000000000
     2767.0000000000        0.0000000000        0.0000000000
     2776.0000000000        0.0000000000        0.0000000000
     2785.0000000000        0.0000000000        0.0000000000
     2794.0000000000        0.0000000000        0.0000000000
     2803.0000000000        0.0000000000        0.0000000000
     2812.0000000000        0.0000000000        0.0000000000
     2821.0000000000        0.0000000000        0.0000000000
     2830.0000000000        0.0000000000        0.0000000000
     2839.0000000000        0.0000000000        0.0000000000
     2848.0000000000        0.0000000000        0.0000000000
     2857.0000000000        0.0000000000        0.0000000000
     2866.0000000000        0.0166807467        0.0002111973
     2875.0000000000        0.0187572075        0.0002518257
     2884.0000000000        0.0507630013        0.0006883601
     2893.0000000000        0.0850070000        0.0011751516
     2902.0000000000        0.0966663455        0.0014267160
     2911.0000000000        0.1374220865        0.0020952039
     2920.0000000000        0.1665947741        0.0027059705
     2929.0000000000        0.2129557479        0.0036609260
     2938.0000000000        0.2611816867        0.0048307899
     2947.0000000000        0.3110022542        0.0063335527
     2956.0000000000        0.3773464690        0.0085642192
     2965.0000000000        0.4688698377        0.0120489739
     2974.0000000000        0.6011240725        0.0178744870
     2983.0000000000        0.8048710968        0.0285767999
     2992.0000000000        1.1499259277        0.0512081035
     3001.0000000000        1.8324086177        0.1115108712
     3010.0000000000        3.6539326628        0.3605473447
     3019.0000000000       13.5708353046        2.8337911046
     3028.0000000000       21.1471912381       -1.7924662838
     3037.0000000000       49.1223532080        1.7521858938
     3046.0000000000       21.9935526682        1.1906862426
     3055.0000000000       40.3865860416       -6.6891408697
     3064.0000000000       33.3284019007        5.4755970433
     3073.0000000000       28.7252794248       -0.4309420720
     3082.0000000000       34.4265002897       -2.1719316792
     3091.0000000000       13.9728529869       -0.1230449758
     3100.0000000000       13.6165067486       -2.8403449172
     3109.0000000000        3.2735628374       -0.3394589656
     3118.0000000000        1.6227592621       -0.0976758426
     3127.0000000000        1.0287258369       -0.0444477530
     3136.0000000000        0.7285101950       -0.0249663288
     3145.0000000000        0.5497075883       -0.0157709332
     3154.0000000000        0.4324717586       -0.0107363995
     3163.0000000000        0.3505651022       -0.0077001381
     3172.0000000000        0.2906838017       -0.0057399784
     3181.0000000000        0.2453781689       -0.0044087060
     3190.0000000000        0.1951029209       -0.0032870452
     3199.0000000000        0.1420968464       -0.0022998137
     3208.0000000000        0.1234843774       -0.0018575587
     3217.0000000000        0.0824330727       -0.0012077279
     3226.0000000000        0.0725569678       -0.0009960781
     3235.0000000000        0.0413763049       -0.0005574693
     3244.0000000000        0.0146962386       -0.0001981264
     3253.0000000000        0.0112817708       -0.0001444359
     3262.0000000000        0.0000000000        0.0000000000
     3271.0000000000        0.0000000000        0.0000000000
     3280.0000000000        0.0000000000        0.0000000000
     3289.0000000000        0.0000000000        0.0000000000
     3298.0000000000        0.0000000000        0.0000000000
     3307.0000000000        0.0000000000        0.0000000000
     3316.0000000000        0.0000000000        0.0000000000
     3325.0000000000        0.0000000000        0.0000000000
     3334.0000000000        0.0000000000        0.0000000000
     3343.0000000000        0.0000000000        0.0000000000
     3352.0000000000        0.0000000000        0.0000000000
     3361.0000000000        0.0000000000        0.0000000000
     3370.0000000000        0.0000000000        0.0000000000
     3379.0000000000        0.0000000000        0.0000000000
     3388.0000000000        0.0000000000        0.0000000000
     3397.0000000000        0.0000000000        0.0000000000
     3406.0000000000        0.0000000000        0.0000000000
     3415.0000000000        0.0000000000        0.0000000000
     3424.0000000000        0.0000000000        0.0000000000
     3433.0000000000        0.0000000000        0.0000000000
     3442.0000000000        0.0000000000        0.0000000000
     3451.0000000000        0.0000000000        0.0000000000
     3460.0000000000        0.0000000000        0.0000000000
     3469.0000000000        0.0000000000        0.0000000000
     3478.0000000000        0.0000000000        0.0000000000
     3487.0000000000        0.0000000000        0.0000000000
     3496.0000000000        0.0000000000        0.0000000000
     3505.0000000000        0.0000000000        0.0000000000
     3514.0000000000        0.0000000000        0.0000000000
     3523.0000000000        0.0000000000        0.0000000000
     3532.0000000000        0.0000000000        0.0000000000
     3541.0000000000        0.0000000000        0.0000000000
     3550.0000000000        0.0095391328        0.0001262563
     3559.0000000000        0.0107856358        0.0001517884
     3568.0000000000        0.0122933540        0.0001846934
     3577.0000000000        0.0141406894        0.0002278359
     3586.0000000000        0.0228469275        0.0003697735
     3595.0000000000        0.0265837875        0.0004655998
     3604.0000000000        0.0313373893        0.0005982297
     3613.0000000000        0.0375204070        0.0007874787
     3622.0000000000        0.0528304856        0.0011598626
     3631.0000000000        0.0651524365        0.0016124851
     3640.0000000000        0.0826941502        0.0023491342
     3649.0000000000        0.1291790932        0.0039039837
     3658.0000000000        0.1745184791        0.0064755700
     3667.0000000000        0.2549147110        0.0122371227
     3676.0000000000        0.4242870572        0.0285197960
     3685.0000000000        0.9071056144        0.0971176045
     3694.0000000000        3.4886608522        0.7257084716
     3703.0000000000       11.0847725744       -2.1677189696
     3712.0000000000        1.9018410488       -0.2366065275
     3721.0000000000        1.1345222626        0.0072988472
     3730.0000000000        2.2618430472        0.3550295074
     3739.0000000000        9.1587771847       -0.9876586513
     3748.0000000000        1.7677513331       -0.2048217294
     3757.0000000000        1.1840169464        0.0203060505
     3766.0000000000        2.3457560523        0.3355392346
     3775.0000000000       11.0245609671       -0.2098316624
     3784.0000000000        3.0556170200       -0.1662612825
     3793.0000000000        5.1206344986        0.7974544924
     3802.0000000000       23.4763808934        1.1964873676
     3811.0000000000        6.6902100755       -1.3852516022
     3820.0000000000        1.7239545217       -0.1886072939
     3829.0000000000        0.7832731704       -0.0556749985
     3838.0000000000        0.4534911028       -0.0236919024
     3847.0000000000        0.2989517744       -0.0123218191
     3856.0000000000        0.2135274779       -0.0072652900
     3865.0000000000        0.1529216720       -0.0045676983
     3874.0000000000        0.1189711700       -0.0031041997
     3883.0000000000        0.0953635754       -0.0022103212
     3892.0000000000        0.0782491803       -0.0016323345
     3901.0000000000        0.0598459023       -0.0011729182
     3910.0000000000        0.0505459432       -0.0009087858
     3919.0000000000        0.0432672372       -0.0007186642
     3928.0000000000        0.0374616652       -0.0005782712
     3937.0000000000        0.0264988257       -0.0003952057
     3946.0000000000        0.0232704688       -0.0003252345
     3955.0000000000        0.0205980235       -0.0002708519
     3964.0000000000        0.0051699883       -0.0000650880
     3973.0000000000        0.0000000000        0.0000000000
     3982.0000000000        0.0000000000        0.0000000000
     3991.0000000000        0.0000000000        0.0000000000
