# Raman Scattering Spectrum
# X-Axis:  Frequency (cm-1)
# Y-Axis:  Intensity (10-36 m2 cm/sr)

# Harmonic Data

# Peak information (Harmonic)
#                  X                   Y
#      65.5303404000        0.0138697884
#     100.7376560000        0.0274616541
#     120.9937450000        0.0230056449
#     143.8539080000        0.0151860437
#     187.0161180000        0.0208883311
#     208.1073370000        0.1227885838
#     245.0650880000        0.0200957196
#     264.3850780000        0.0140175592
#     285.0498840000        0.1042794527
#     287.1212810000        0.0489816217
#     323.7515430000        0.2226144556
#     350.0822050000        0.1290599255
#     382.4594550000        0.0721384664
#     399.3676880000        0.0746811561
#     417.7835120000        0.2215460807
#     428.0807260000        0.1415907529
#     451.1763450000        0.2670881885
#     485.7954670000        0.1020174199
#     510.0639420000        0.1345676791
#     553.0162150000        0.0883970241
#     601.6891470000        0.0234817009
#     639.9593660000        0.0103656026
#     644.5981640000        0.0175881671
#     892.6400050000        0.0295384545
#     907.8432290000        0.0759270237
#     969.9542860000        0.0464102533
#     994.9291720000        0.0082067129
#    1046.3368000000        0.0077042119
#    1055.2141900000        0.0156233584
#    1070.3772300000        0.0311129517
#    1082.9468200000        0.0473201936
#    1102.9873200000        0.0534489205
#    1108.4157100000        0.0298580842
#    1124.6694800000        0.0614317780
#    1147.2394200000        0.0500197503
#    1157.7821200000        0.0890315517
#    1181.5898200000        0.0291290223
#    1207.6991500000        0.0559462190
#    1219.8326400000        0.0870273831
#    1244.5733600000        0.0392614908
#    1256.8429200000        0.0496639748
#    1297.7804400000        0.0268760374
#    1315.2426400000        0.1163180971
#    1330.4324200000        0.0484530693
#    1351.6152600000        0.0299705829
#    1381.5658300000        0.0128490151
#    1397.0077800000        0.1647658773
#    1407.4023200000        0.1363581756
#    1415.0463000000        0.0538571256
#    1424.5073000000        0.0232474659
#    1443.9593200000        0.0167877116
#    1448.7397500000        0.0721567210
#    1461.8406500000        0.0129250864
#    1492.9194500000        0.0332315956
#    1530.2657400000        0.1156183000
#    1701.4725300000        0.0718744525
#    2913.3124300000        0.3033025818
#    2948.9623400000        0.3265455816
#    2994.0579700000        0.6702611220
#    3010.2178700000        0.0318808156
#    3029.1850300000        0.5138605954
#    3058.3597700000        0.1417637318
#    3136.4325000000        0.4063202323
#    3447.6347400000        0.4434312304
#    3534.6423700000        0.2547946356
#    3698.3611700000        0.3489859124
#    3704.3113800000        0.2734411519
#    3726.8531600000        0.1781626102
#    3733.2483300000        0.6213375358

# Plot Curve (Harmonic)
#                  X                   Y               DY/DX
        0.0000000000        0.0044363027        0.0001013189
        8.0000000000        0.0053856729        0.0001388186
       16.0000000000        0.0067188814        0.0001997613
       24.0000000000        0.0087047863        0.0003078793
       32.0000000000        0.0123862198        0.0005312094
       40.0000000000        0.0184071024        0.0010606680
       48.0000000000        0.0323401977        0.0028146062
       56.0000000000        0.0852127791        0.0130609403
       64.0000000000        0.4302382314        0.0693032506
       72.0000000000        0.1587135768       -0.0275896574
       80.0000000000        0.0807370733       -0.0007128450
       88.0000000000        0.1172528424        0.0114790713
       96.0000000000        0.4225665842        0.0961180039
      104.0000000000        0.6140314348       -0.1313384313
      112.0000000000        0.2521521350        0.0078630782
      120.0000000000        0.7929301319        0.0825117193
      128.0000000000        0.2589100439       -0.0382713788
      136.0000000000        0.1902702807        0.0146111263
      144.0000000000        0.5647834635       -0.0106844694
      152.0000000000        0.1532165801       -0.0191855179
      160.0000000000        0.0920537982       -0.0016404018
      168.0000000000        0.1050872746        0.0036954261
      176.0000000000        0.1721436158        0.0162654606
      184.0000000000        0.5766810743        0.1145043376
      192.0000000000        0.5367482664       -0.0383351502
      200.0000000000        0.8854137574        0.1490368011
      208.0000000000        4.1020887203        0.0527969537
      216.0000000000        0.8881082726       -0.1658040266
      224.0000000000        0.3174962650       -0.0256954101
      232.0000000000        0.2288311812        0.0004331187
      240.0000000000        0.3956635778        0.0603554873
      248.0000000000        0.5826184893       -0.0972790510
      256.0000000000        0.3190798052        0.0094888942
      264.0000000000        0.7169995410        0.0339608489
      272.0000000000        0.5912501444        0.0336684799
      280.0000000000        1.8203749855        0.3968807537
      288.0000000000        3.8504961891       -0.6764087056
      296.0000000000        0.8789236613       -0.1033849793
      304.0000000000        0.5854089630        0.0047627751
      312.0000000000        0.9461183071        0.1074455110
      320.0000000000        3.9905373355        0.9499195757
      328.0000000000        3.5922614467       -0.8273842533
      336.0000000000        1.0979396631       -0.0607565474
      344.0000000000        1.6226770042        0.2617905162
      352.0000000000        3.6248928666       -0.6585172627
      360.0000000000        0.8460074267       -0.0957768992
      368.0000000000        0.5597559072        0.0025260739
      376.0000000000        0.9699252110        0.1431094587
      384.0000000000        2.4087041134       -0.3118314470
      392.0000000000        1.2142906056        0.0658290014
      400.0000000000        2.9550577826       -0.1469930789
      408.0000000000        1.7679556340        0.1098129711
      416.0000000000        6.5719444937        1.1354156155
      424.0000000000        4.5280556320        0.0869990496
      432.0000000000        3.2296778446       -0.6006452809
      440.0000000000        1.7096514121        0.0629270269
      448.0000000000        5.5013426068        1.2221239761
      456.0000000000        3.6770654443       -0.8411116978
      464.0000000000        1.0110565753       -0.1002808896
      472.0000000000        0.6900034948        0.0043502531
      480.0000000000        1.3318090327        0.2303767014
      488.0000000000        2.7192470099       -0.5072985663
      496.0000000000        0.8556434755       -0.0342043524
      504.0000000000        1.5063656193        0.2719055076
      512.0000000000        3.5236560961       -0.6647476315
      520.0000000000        0.7143637852       -0.1015428987
      528.0000000000        0.3378599864       -0.0178291611
      536.0000000000        0.2975634569        0.0070634472
      544.0000000000        0.5498581752        0.0780420940
      552.0000000000        2.6160262046        0.3001966299
      560.0000000000        0.7315709372       -0.1450574317
      568.0000000000        0.2372750097       -0.0228726538
      576.0000000000        0.1367945252       -0.0061697051
      584.0000000000        0.1104340758        0.0004495247
      592.0000000000        0.1576448542        0.0165724044
      600.0000000000        0.6467860814        0.1070607080
      608.0000000000        0.2442244790       -0.0461124936
      616.0000000000        0.0896492090       -0.0057866070
      624.0000000000        0.0758652876        0.0016672996
      632.0000000000        0.1366782569        0.0184439169
      640.0000000000        0.5565947475        0.0539441799
      648.0000000000        0.3805351850       -0.0880225918
      656.0000000000        0.0868630993       -0.0114041439
      664.0000000000        0.0390347831       -0.0029913981
      672.0000000000        0.0210818526       -0.0011937030
      680.0000000000        0.0142241116       -0.0006109450
      688.0000000000        0.0104589913       -0.0003611459
      696.0000000000        0.0081263669       -0.0002348729
      704.0000000000        0.0065581572       -0.0001633575
      712.0000000000        0.0054404356       -0.0001193630
      720.0000000000        0.0030604878       -0.0000720239
      728.0000000000        0.0025581794       -0.0000546407
      736.0000000000        0.0027175611       -0.0000355456
      744.0000000000        0.0024745842       -0.0000256130
      752.0000000000        0.0037134249        0.0000004251
      760.0000000000        0.0037563384        0.0000102649
      768.0000000000        0.0034679162        0.0000251656
      776.0000000000        0.0037090731        0.0000353511
      784.0000000000        0.0040382872        0.0000473266
      792.0000000000        0.0044737685        0.0000621170
      800.0000000000        0.0048496249        0.0000835945
      808.0000000000        0.0052986131        0.0001126382
      816.0000000000        0.0072016947        0.0001586510
      824.0000000000        0.0086679175        0.0002113297
      832.0000000000        0.0106543253        0.0002910685
      840.0000000000        0.0136012976        0.0004202943
      848.0000000000        0.0177527624        0.0006383726
      856.0000000000        0.0243139665        0.0010484596
      864.0000000000        0.0357487882        0.0019346685
      872.0000000000        0.0590367812        0.0043288571
      880.0000000000        0.1223158800        0.0140642195
      888.0000000000        0.4438757784        0.0963815686
      896.0000000000        0.7145025670       -0.0874076728
      904.0000000000        1.2123149183        0.2640799891
      912.0000000000        1.0723605246       -0.2605654461
      920.0000000000        0.2369256278       -0.0319701500
      928.0000000000        0.1064014794       -0.0077369614
      936.0000000000        0.0706383877       -0.0021750751
      944.0000000000        0.0660193091        0.0007555768
      952.0000000000        0.0889907751        0.0057382330
      960.0000000000        0.2034020890        0.0307626315
      968.0000000000        1.0669146918        0.2057902235
      976.0000000000        0.4207667572       -0.0896213783
      984.0000000000        0.1411562707       -0.0084145471
      992.0000000000        0.2079578977        0.0317748593
     1000.0000000000        0.1317964402       -0.0223470910
     1008.0000000000        0.0589874452       -0.0029379002
     1016.0000000000        0.0484232303       -0.0002624425
     1024.0000000000        0.0522824216        0.0011181465
     1032.0000000000        0.0697703778        0.0037444778
     1040.0000000000        0.1391082875        0.0185953379
     1048.0000000000        0.3523780193       -0.0069136508
     1056.0000000000        0.5641327715       -0.0336196509
     1064.0000000000        0.4214977597        0.0458381246
     1072.0000000000        0.9644871840       -0.1026161868
     1080.0000000000        1.0598279267        0.1811913029
     1088.0000000000        0.7111461894       -0.1090051903
     1096.0000000000        0.6258692743        0.0735474576
     1104.0000000000        1.8746406161       -0.0693249879
     1112.0000000000        0.9151519936       -0.1337552091
     1120.0000000000        0.9507732035        0.1535997788
     1128.0000000000        1.1727962326       -0.2377183909
     1136.0000000000        0.4789160498       -0.0003604892
     1144.0000000000        1.1178237964        0.2149231713
     1152.0000000000        1.4146233469        0.0416738778
     1160.0000000000        2.0286384486       -0.4008945878
     1168.0000000000        0.4898880360       -0.0492815029
     1176.0000000000        0.4705150209        0.0506297234
     1184.0000000000        0.7356720999       -0.1254520777
     1192.0000000000        0.3085799513       -0.0048087814
     1200.0000000000        0.4992760476        0.0683950487
     1208.0000000000        1.7782352902       -0.0203751788
     1216.0000000000        1.5464037077        0.2446349745
     1224.0000000000        1.2744320612       -0.2798605563
     1232.0000000000        0.4221066005       -0.0202751897
     1240.0000000000        0.6578975298        0.1085076128
     1248.0000000000        0.9096750874       -0.1085042980
     1256.0000000000        1.4331755281        0.1064997513
     1264.0000000000        0.4264003904       -0.0694983793
     1272.0000000000        0.1904328691       -0.0099549066
     1280.0000000000        0.1632417319        0.0018320687
     1288.0000000000        0.2344135395        0.0206837298
     1296.0000000000        0.7723138207        0.1202076859
     1304.0000000000        0.6159283972        0.0087615083
     1312.0000000000        1.9617899502        0.4414144190
     1320.0000000000        1.4728962070       -0.2796943938
     1328.0000000000        1.2515320133        0.1646921872
     1336.0000000000        0.6343234969       -0.1039762407
     1344.0000000000        0.3856791170        0.0180607188
     1352.0000000000        0.9136024623       -0.0391877760
     1360.0000000000        0.2952160790       -0.0252780512
     1368.0000000000        0.2391635369        0.0047593062
     1376.0000000000        0.3880996486        0.0416883205
     1384.0000000000        0.7675357355        0.0065355853
     1392.0000000000        1.9685337752        0.4183144846
     1400.0000000000        3.6046691625       -0.4666460529
     1408.0000000000        4.2616788844       -0.2489064980
     1416.0000000000        2.2353954581       -0.2571548919
     1424.0000000000        1.1625103979       -0.0289159791
     1432.0000000000        0.5064930025       -0.0272182886
     1440.0000000000        0.7100365362        0.1012593921
     1448.0000000000        2.0891178438        0.1023005191
     1456.0000000000        0.6520136053       -0.0731025898
     1464.0000000000        0.4584686585       -0.0682367000
     1472.0000000000        0.1856516152       -0.0103295445
     1480.0000000000        0.1690175970        0.0063647078
     1488.0000000000        0.4060231605        0.0789353072
     1496.0000000000        0.5930485750       -0.1237238025
     1504.0000000000        0.1897655734       -0.0112160656
     1512.0000000000        0.1887143476        0.0094601267
     1520.0000000000        0.4112035004        0.0614308579
     1528.0000000000        2.1721233967        0.4588710382
     1536.0000000000        0.9488573933       -0.2181127476
     1544.0000000000        0.2401467725       -0.0301242791
     1552.0000000000        0.1087858961       -0.0085441253
     1560.0000000000        0.0618643030       -0.0035074480
     1568.0000000000        0.0396122148       -0.0017566073
     1576.0000000000        0.0280831670       -0.0009974477
     1584.0000000000        0.0217768730       -0.0006174646
     1592.0000000000        0.0174466355       -0.0003961631
     1600.0000000000        0.0148620721       -0.0002592761
     1608.0000000000        0.0129402640       -0.0001606349
     1616.0000000000        0.0109326238       -0.0000737443
     1624.0000000000        0.0104111788       -0.0000054801
     1632.0000000000        0.0106412493        0.0000648440
     1640.0000000000        0.0114993272        0.0001544610
     1648.0000000000        0.0132269939        0.0002877482
     1656.0000000000        0.0158557260        0.0005215262
     1664.0000000000        0.0215939297        0.0009681086
     1672.0000000000        0.0328568215        0.0020073458
     1680.0000000000        0.0587663882        0.0050812696
     1688.0000000000        0.1388875573        0.0186762498
     1696.0000000000        0.5891806757        0.1403442109
     1704.0000000000        1.2092143844       -0.2730247276
     1712.0000000000        0.2134552169       -0.0354361820
     1720.0000000000        0.0753534481       -0.0077719812
     1728.0000000000        0.0376153501       -0.0027729077
     1736.0000000000        0.0224078994       -0.0012807855
     1744.0000000000        0.0148373508       -0.0006916584
     1752.0000000000        0.0105378561       -0.0004145161
     1760.0000000000        0.0078664232       -0.0002675616
     1768.0000000000        0.0060946874       -0.0001825632
     1776.0000000000        0.0048600264       -0.0001300478
     1784.0000000000        0.0039655599       -0.0000958775
     1792.0000000000        0.0032969533       -0.0000726968
     1800.0000000000        0.0027841380       -0.0000564220
     1808.0000000000        0.0023822400       -0.0000446624
     1816.0000000000        0.0020614455       -0.0000359553
     1824.0000000000        0.0018013209       -0.0000293714
     1832.0000000000        0.0015874832       -0.0000243013
     1840.0000000000        0.0014095707       -0.0000203338
     1848.0000000000        0.0012599665       -0.0000171849
     1856.0000000000        0.0011329698       -0.0000146538
     1864.0000000000        0.0000000000        0.0000000000
     1872.0000000000        0.0000000000        0.0000000000
     1880.0000000000        0.0000000000        0.0000000000
     1888.0000000000        0.0000000000        0.0000000000
     1896.0000000000        0.0000000000        0.0000000000
     1904.0000000000        0.0000000000        0.0000000000
     1912.0000000000        0.0000000000        0.0000000000
     1920.0000000000        0.0000000000        0.0000000000
     1928.0000000000        0.0000000000        0.0000000000
     1936.0000000000        0.0000000000        0.0000000000
     1944.0000000000        0.0000000000        0.0000000000
     1952.0000000000        0.0000000000        0.0000000000
     1960.0000000000        0.0000000000        0.0000000000
     1968.0000000000        0.0000000000        0.0000000000
     1976.0000000000        0.0000000000        0.0000000000
     1984.0000000000        0.0000000000        0.0000000000
     1992.0000000000        0.0000000000        0.0000000000
     2000.0000000000        0.0000000000        0.0000000000
     2008.0000000000        0.0000000000        0.0000000000
     2016.0000000000        0.0000000000        0.0000000000
     2024.0000000000        0.0000000000        0.0000000000
     2032.0000000000        0.0000000000        0.0000000000
     2040.0000000000        0.0000000000        0.0000000000
     2048.0000000000        0.0000000000        0.0000000000
     2056.0000000000        0.0000000000        0.0000000000
     2064.0000000000        0.0000000000        0.0000000000
     2072.0000000000        0.0000000000        0.0000000000
     2080.0000000000        0.0000000000        0.0000000000
     2088.0000000000        0.0000000000        0.0000000000
     2096.0000000000        0.0000000000        0.0000000000
     2104.0000000000        0.0000000000        0.0000000000
     2112.0000000000        0.0000000000        0.0000000000
     2120.0000000000        0.0000000000        0.0000000000
     2128.0000000000        0.0000000000        0.0000000000
     2136.0000000000        0.0000000000        0.0000000000
     2144.0000000000        0.0000000000        0.0000000000
     2152.0000000000        0.0000000000        0.0000000000
     2160.0000000000        0.0000000000        0.0000000000
     2168.0000000000        0.0000000000        0.0000000000
     2176.0000000000        0.0000000000        0.0000000000
     2184.0000000000        0.0000000000        0.0000000000
     2192.0000000000        0.0000000000        0.0000000000
     2200.0000000000        0.0000000000        0.0000000000
     2208.0000000000        0.0000000000        0.0000000000
     2216.0000000000        0.0000000000        0.0000000000
     2224.0000000000        0.0000000000        0.0000000000
     2232.0000000000        0.0000000000        0.0000000000
     2240.0000000000        0.0000000000        0.0000000000
     2248.0000000000        0.0000000000        0.0000000000
     2256.0000000000        0.0000000000        0.0000000000
     2264.0000000000        0.0000000000        0.0000000000
     2272.0000000000        0.0000000000        0.0000000000
     2280.0000000000        0.0000000000        0.0000000000
     2288.0000000000        0.0000000000        0.0000000000
     2296.0000000000        0.0000000000        0.0000000000
     2304.0000000000        0.0000000000        0.0000000000
     2312.0000000000        0.0000000000        0.0000000000
     2320.0000000000        0.0000000000        0.0000000000
     2328.0000000000        0.0000000000        0.0000000000
     2336.0000000000        0.0000000000        0.0000000000
     2344.0000000000        0.0000000000        0.0000000000
     2352.0000000000        0.0000000000        0.0000000000
     2360.0000000000        0.0000000000        0.0000000000
     2368.0000000000        0.0000000000        0.0000000000
     2376.0000000000        0.0000000000        0.0000000000
     2384.0000000000        0.0000000000        0.0000000000
     2392.0000000000        0.0000000000        0.0000000000
     2400.0000000000        0.0000000000        0.0000000000
     2408.0000000000        0.0000000000        0.0000000000
     2416.0000000000        0.0000000000        0.0000000000
     2424.0000000000        0.0000000000        0.0000000000
     2432.0000000000        0.0000000000        0.0000000000
     2440.0000000000        0.0000000000        0.0000000000
     2448.0000000000        0.0000000000        0.0000000000
     2456.0000000000        0.0000000000        0.0000000000
     2464.0000000000        0.0000000000        0.0000000000
     2472.0000000000        0.0000000000        0.0000000000
     2480.0000000000        0.0000000000        0.0000000000
     2488.0000000000        0.0000000000        0.0000000000
     2496.0000000000        0.0000000000        0.0000000000
     2504.0000000000        0.0000000000        0.0000000000
     2512.0000000000        0.0000000000        0.0000000000
     2520.0000000000        0.0000000000        0.0000000000
     2528.0000000000        0.0000000000        0.0000000000
     2536.0000000000        0.0000000000        0.0000000000
     2544.0000000000        0.0000000000        0.0000000000
     2552.0000000000        0.0000000000        0.0000000000
     2560.0000000000        0.0000000000        0.0000000000
     2568.0000000000        0.0000000000        0.0000000000
     2576.0000000000        0.0000000000        0.0000000000
     2584.0000000000        0.0000000000        0.0000000000
     2592.0000000000        0.0000000000        0.0000000000
     2600.0000000000        0.0000000000        0.0000000000
     2608.0000000000        0.0000000000        0.0000000000
     2616.0000000000        0.0000000000        0.0000000000
     2624.0000000000        0.0000000000        0.0000000000
     2632.0000000000        0.0000000000        0.0000000000
     2640.0000000000        0.0000000000        0.0000000000
     2648.0000000000        0.0000000000        0.0000000000
     2656.0000000000        0.0000000000        0.0000000000
     2664.0000000000        0.0000000000        0.0000000000
     2672.0000000000        0.0000000000        0.0000000000
     2680.0000000000        0.0000000000        0.0000000000
     2688.0000000000        0.0000000000        0.0000000000
     2696.0000000000        0.0000000000        0.0000000000
     2704.0000000000        0.0000000000        0.0000000000
     2712.0000000000        0.0000000000        0.0000000000
     2720.0000000000        0.0000000000        0.0000000000
     2728.0000000000        0.0000000000        0.0000000000
     2736.0000000000        0.0000000000        0.0000000000
     2744.0000000000        0.0000000000        0.0000000000
     2752.0000000000        0.0000000000        0.0000000000
     2760.0000000000        0.0036194882        0.0000471850
     2768.0000000000        0.0040286817        0.0000554066
     2776.0000000000        0.0045113793        0.0000656540
     2784.0000000000        0.0050862949        0.0000785916
     2792.0000000000        0.0094630851        0.0001420811
     2800.0000000000        0.0107128700        0.0001716210
     2808.0000000000        0.0122327874        0.0002101136
     2816.0000000000        0.0141083358        0.0002612906
     2824.0000000000        0.0164624234        0.0003309512
     2832.0000000000        0.0194772600        0.0004284551
     2840.0000000000        0.0311946456        0.0006702962
     2848.0000000000        0.0374147475        0.0009006999
     2856.0000000000        0.0463141128        0.0012656231
     2864.0000000000        0.0586320374        0.0018691541
     2872.0000000000        0.0831943815        0.0030475078
     2880.0000000000        0.1156173924        0.0053660631
     2888.0000000000        0.1779410029        0.0112052450
     2896.0000000000        0.3295438985        0.0313008360
     2904.0000000000        0.9073492839        0.1529169154
     2912.0000000000        4.9095801541        0.7158626798
     2920.0000000000        1.5565574068       -0.3004321198
     2928.0000000000        0.6261380489       -0.0266062766
     2936.0000000000        0.7286970716        0.0581209538
     2944.0000000000        2.4221542494        0.5440225774
     2952.0000000000        3.7896762332       -0.8643891406
     2960.0000000000        0.8911427526       -0.0970676579
     2968.0000000000        0.5803753358       -0.0037484232
     2976.0000000000        0.7442652456        0.0498037440
     2984.0000000000        1.7554017816        0.2696968012
     2992.0000000000        9.3111050578        1.8586492434
     3000.0000000000        3.8896641780       -0.8101448718
     3008.0000000000        1.6519656294       -0.0005304553
     3016.0000000000        1.3418355223        0.0288299872
     3024.0000000000        3.5742330241        0.7723262263
     3032.0000000000        6.0822585660       -1.3821952995
     3040.0000000000        1.2862449591       -0.1645398640
     3048.0000000000        0.7863366250        0.0111688047
     3056.0000000000        2.0496551563        0.3737275503
     3064.0000000000        0.9879529943       -0.1965309792
     3072.0000000000        0.3333609730       -0.0293266869
     3080.0000000000        0.1987623447       -0.0087093806
     3088.0000000000        0.1558036532       -0.0028816723
     3096.0000000000        0.1464150699        0.0004274680
     3104.0000000000        0.1641499537        0.0043240996
     3112.0000000000        0.2235409453        0.0127941371
     3120.0000000000        0.4161342849        0.0423998603
     3128.0000000000        1.2703594506        0.2388699819
     3136.0000000000        6.6863412700        0.3552610895
     3144.0000000000        1.4954881109       -0.3042867980
     3152.0000000000        0.4386297282       -0.0506190475
     3160.0000000000        0.2008789382       -0.0157603082
     3168.0000000000        0.1172429489       -0.0068043022
     3176.0000000000        0.0774050391       -0.0035449538
     3184.0000000000        0.0555647075       -0.0020886631
     3192.0000000000        0.0368696537       -0.0012754319
     3200.0000000000        0.0284765334       -0.0008594970
     3208.0000000000        0.0226880253       -0.0006072318
     3216.0000000000        0.0185228954       -0.0004452982
     3224.0000000000        0.0140256583       -0.0003196723
     3232.0000000000        0.0117796881       -0.0002460897
     3240.0000000000        0.0100327519       -0.0001934547
     3248.0000000000        0.0086473115       -0.0001548159
     3256.0000000000        0.0075301275       -0.0001258153
     3264.0000000000        0.0066161832       -0.0001036265
     3272.0000000000        0.0058590243       -0.0000863618
     3280.0000000000        0.0052247454       -0.0000727281
     3288.0000000000        0.0089448661       -0.0000085215
     3296.0000000000        0.0089475383        0.0000091910
     3304.0000000000        0.0052571243        0.0000731446
     3312.0000000000        0.0058950091        0.0000868492
     3320.0000000000        0.0066564055        0.0001042016
     3328.0000000000        0.0075753736        0.0001265003
     3336.0000000000        0.0086985719        0.0001556401
     3344.0000000000        0.0100912898        0.0001944576
     3352.0000000000        0.0118471382        0.0002473254
     3360.0000000000        0.0141041671        0.0003212161
     3368.0000000000        0.0170727875        0.0004276983
     3376.0000000000        0.0235074090        0.0006173938
     3384.0000000000        0.0293841554        0.0008714632
     3392.0000000000        0.0378817367        0.0012896669
     3400.0000000000        0.0508612649        0.0020302957
     3408.0000000000        0.0721967134        0.0034765895
     3416.0000000000        0.1110809884        0.0067158443
     3424.0000000000        0.1938761785        0.0156298271
     3432.0000000000        0.4225396636        0.0501495231
     3440.0000000000        1.4678874762        0.3004577178
     3448.0000000000        6.7359743644       -0.3044508624
     3456.0000000000        1.2722955184       -0.2454154105
     3464.0000000000        0.3946134389       -0.0437590599
     3472.0000000000        0.1935112343       -0.0137385113
     3480.0000000000        0.1223717106       -0.0054725550
     3488.0000000000        0.0937891864       -0.0020526763
     3496.0000000000        0.0864826118        0.0001757545
     3504.0000000000        0.0978362606        0.0028969755
     3512.0000000000        0.1414185770        0.0090700326
     3520.0000000000        0.2852777918        0.0330641974
     3528.0000000000        1.0308299571        0.2236582238
     3536.0000000000        3.4306835335       -0.5202622128
     3544.0000000000        0.6037020757       -0.1065784655
     3552.0000000000        0.2085264709       -0.0211277332
     3560.0000000000        0.1082749336       -0.0071702460
     3568.0000000000        0.0711683914       -0.0031751746
     3576.0000000000        0.0585082917       -0.0015520150
     3584.0000000000        0.0494332327       -0.0007954311
     3592.0000000000        0.0449518226       -0.0003583464
     3600.0000000000        0.0433409589       -0.0000586491
     3608.0000000000        0.0396550512        0.0002399738
     3616.0000000000        0.0425015628        0.0004745678
     3624.0000000000        0.0473483974        0.0007470242
     3632.0000000000        0.0546830297        0.0011062750
     3640.0000000000        0.0654816903        0.0016299639
     3648.0000000000        0.0815787881        0.0024648570
     3656.0000000000        0.1065612257        0.0039291246
     3664.0000000000        0.1481400195        0.0068228675
     3672.0000000000        0.2256002105        0.0135981972
     3680.0000000000        0.4002408670        0.0343926434
     3688.0000000000        0.9677173339        0.1388936616
     3696.0000000000        4.5847859395        0.9630703597
     3704.0000000000        5.7973915268       -0.2271880993
     3712.0000000000        1.7019016596       -0.1750410331
     3720.0000000000        1.7840797004        0.1986775747
     3728.0000000000        5.7780839075        0.4561640462
     3736.0000000000        6.5090420632       -1.4787757134
     3744.0000000000        1.2802155166       -0.1932566679
     3752.0000000000        0.5012343584       -0.0461613321
     3760.0000000000        0.2702154510       -0.0176573652
     3768.0000000000        0.1708072726       -0.0086414005
     3776.0000000000        0.1185579735       -0.0049000551
     3784.0000000000        0.0874933023       -0.0030615969
     3792.0000000000        0.0674213855       -0.0020484253
     3800.0000000000        0.0536522454       -0.0014419516
     3808.0000000000        0.0437708701       -0.0010555813
     3816.0000000000        0.0364252621       -0.0007971706
     3824.0000000000        0.0308080217       -0.0006174709
     3832.0000000000        0.0264115357       -0.0004884498
     3840.0000000000        0.0229030099       -0.0003933108
     3848.0000000000        0.0200565324       -0.0003215522
     3856.0000000000        0.0177141728       -0.0002663673
     3864.0000000000        0.0128493313       -0.0001880498
     3872.0000000000        0.0092441729       -0.0001319193
     3880.0000000000        0.0082727666       -0.0001116809
     3888.0000000000        0.0058872890       -0.0000760361
     3896.0000000000        0.0000000000        0.0000000000
     3904.0000000000        0.0000000000        0.0000000000
     3912.0000000000        0.0000000000        0.0000000000
     3920.0000000000        0.0000000000        0.0000000000
     3928.0000000000        0.0000000000        0.0000000000
     3936.0000000000        0.0000000000        0.0000000000
     3944.0000000000        0.0000000000        0.0000000000
     3952.0000000000        0.0000000000        0.0000000000
     3960.0000000000        0.0000000000        0.0000000000
     3968.0000000000        0.0000000000        0.0000000000
     3976.0000000000        0.0000000000        0.0000000000
     3984.0000000000        0.0000000000        0.0000000000
     3992.0000000000        0.0000000000        0.0000000000
