# Raman Scattering Spectrum
# X-Axis:  Frequency (cm-1)
# Y-Axis:  Intensity (10-36 m2 cm/sr)

# Harmonic Data

# Peak information (Harmonic)
#                  X                   Y
#      59.4050224000        0.0234006337
#      64.9651170000        0.0332313043
#     102.8687820000        0.0825425921
#     112.2886640000        0.0650444129
#     115.3974800000        0.0445093624
#     125.1756070000        0.0486909389
#     156.3719910000        0.0304689802
#     200.3038310000        0.0172571522
#     223.0445380000        0.1515939294
#     234.6957070000        0.0328185459
#     245.3596300000        0.1023464002
#     257.8950420000        0.0276523692
#     274.6321980000        0.0286368833
#     289.8291020000        0.0314173821
#     293.1590910000        0.0399553381
#     301.3554290000        0.1396566822
#     318.5881850000        0.1029656552
#     329.2656180000        0.1307864200
#     374.7649920000        0.0762267136
#     397.5587390000        0.1537517121
#     414.7042760000        0.1539609985
#     455.8391960000        0.4193406744
#     497.2465020000        0.0414205139
#     563.2568530000        0.1092788839
#     605.1258800000        0.1506066563
#     695.3085080000        0.0729793072
#     703.5454310000        0.1198783080
#     780.6220600000        0.0720272815
#     862.5310180000        0.1841691677
#     873.1948520000        0.3474758172
#     913.3106480000        0.0604994253
#     949.9194020000        0.0830876700
#    1001.1259900000        0.2856491057
#    1021.6999300000        0.0912742904
#    1042.9685100000        0.0845376521
#    1054.6951300000        0.0382855742
#    1058.4831000000        0.0611357124
#    1067.7416800000        0.3561162767
#    1078.7920000000        0.2052967842
#    1094.0332400000        0.0789666583
#    1112.6429800000        0.1997865974
#    1142.1834000000        0.2172701290
#    1195.2941400000        0.0242242045
#    1207.9848800000        0.0548303681
#    1224.2859100000        0.1197187102
#    1234.9856900000        0.2470606656
#    1244.7053200000        0.0546622708
#    1251.0788900000        0.0665591060
#    1265.9182800000        0.0428180456
#    1273.7175700000        0.2120678926
#    1306.3641600000        0.1081027992
#    1327.0626400000        0.1303671905
#    1340.1436500000        0.1663310047
#    1350.1379800000        0.1394780942
#    1375.7763600000        0.0241903308
#    1391.5618400000        0.2070483070
#    1403.9109200000        0.0447135397
#    1409.3638500000        0.2701780479
#    1413.5412100000        0.1007858609
#    1427.8914400000        0.0527770631
#    1433.7389100000        0.1019573856
#    1453.8519500000        0.0378939956
#    1463.1921900000        0.0492093633
#    1496.8254800000        0.1647314802
#    3004.6056000000        1.3448789351
#    3014.2220500000        1.3529108840
#    3027.3883500000        2.1047442172
#    3035.1260500000        2.5611862237
#    3051.4109600000        0.9043542423
#    3053.9234900000        2.8372956605
#    3080.0541000000        1.2242326016
#    3088.8162300000        0.6779047330
#    3758.6056900000        0.6319703793
#    3786.7323400000        0.4736147929
#    3786.9090900000        1.0429234454
#    3794.6380100000        0.8469980058
#    3802.3852300000        0.8156478947
#    3822.8538900000        0.8087758053

# Plot Curve (Harmonic)
#                  X                   Y               DY/DX
        0.0000000000        0.0189310269        0.0004476431
        8.0000000000        0.0231627033        0.0006243449
       16.0000000000        0.0292382940        0.0009225586
       24.0000000000        0.0386010706        0.0014820018
       32.0000000000        0.0546568707        0.0027091412
       40.0000000000        0.0874796762        0.0061626108
       48.0000000000        0.1809687849        0.0213227226
       56.0000000000        0.6934921559        0.1502582456
       64.0000000000        1.4738525838        0.0393748624
       72.0000000000        0.4436322271       -0.0646975094
       80.0000000000        0.2584796199       -0.0011962449
       88.0000000000        0.3548164524        0.0277542844
       96.0000000000        0.9602176055        0.1740430077
      104.0000000000        3.2402592820       -0.2258122924
      112.0000000000        3.6599152536        0.2291591228
      120.0000000000        1.8962770928       -0.1215771145
      128.0000000000        1.4712956421       -0.2958809742
      136.0000000000        0.4161589419       -0.0403979322
      144.0000000000        0.2894063956        0.0020837810
      152.0000000000        0.5948095412        0.1104839380
      160.0000000000        0.6678356475       -0.1400019407
      168.0000000000        0.2137489188       -0.0162431316
      176.0000000000        0.1594090915       -0.0016248423
      184.0000000000        0.1726602765        0.0051546125
      192.0000000000        0.2738441073        0.0263912058
      200.0000000000        0.8043123167        0.0353071242
      208.0000000000        0.5641430142        0.0199665395
      216.0000000000        1.4135764214        0.2657486437
      224.0000000000        5.0316500483       -0.4995104639
      232.0000000000        1.9316683101        0.0571813296
      240.0000000000        1.9728812900        0.1700146598
      248.0000000000        2.7717202710       -0.5313688906
      256.0000000000        1.4087039102        0.0744813883
      264.0000000000        0.7498594731       -0.0544257246
      272.0000000000        1.0729506725        0.1492362700
      280.0000000000        0.9235045945       -0.0283855361
      288.0000000000        1.9547473714        0.3192436479
      296.0000000000        3.0427222847        0.1234499451
      304.0000000000        3.7862181068       -0.7202115243
      312.0000000000        1.8293267731        0.1203526600
      320.0000000000        3.9221440111       -0.3651520415
      328.0000000000        4.5269465277        0.4491602148
      336.0000000000        1.4314302850       -0.2603258286
      344.0000000000        0.5385428154       -0.0409152367
      352.0000000000        0.3755245787       -0.0064155134
      360.0000000000        0.4118562659        0.0180730426
      368.0000000000        0.8772084908        0.1412892194
      376.0000000000        2.5305572316       -0.2958743077
      384.0000000000        0.9491162195       -0.0122322084
      392.0000000000        2.0236347625        0.3920871502
      400.0000000000        4.0364059600       -0.7474797718
      408.0000000000        2.0515617370        0.1772119653
      416.0000000000        4.7855262411       -0.6603346216
      424.0000000000        1.1110492156       -0.1337514360
      432.0000000000        0.7055582199       -0.0019914708
      440.0000000000        0.9783227505        0.0817199245
      448.0000000000        2.8363841986        0.5416876887
      456.0000000000       13.1611131316       -0.2645628031
      464.0000000000        2.6210703372       -0.5013758900
      472.0000000000        0.8439342528       -0.0867674780
      480.0000000000        0.4625405940       -0.0215971723
      488.0000000000        0.4452729999        0.0242213023
      496.0000000000        1.3355644169        0.1593591583
      504.0000000000        0.4631504160       -0.0763198411
      512.0000000000        0.1983548644       -0.0127490691
      520.0000000000        0.1412516855       -0.0035580553
      528.0000000000        0.1281071410        0.0000180720
      536.0000000000        0.1420135131        0.0038531757
      544.0000000000        0.2052443932        0.0132650342
      552.0000000000        0.4397598175        0.0590753388
      560.0000000000        2.0701578888        0.4911454080
      568.0000000000        1.4650098562       -0.3385451266
      576.0000000000        0.4064342232       -0.0372181839
      584.0000000000        0.2988882973        0.0031397881
      592.0000000000        0.4709033898        0.0494747086
      600.0000000000        1.7807054110        0.4151682856
      608.0000000000        3.0460738740       -0.7114866521
      616.0000000000        0.5751809143       -0.0882147370
      624.0000000000        0.2281305416       -0.0198775470
      632.0000000000        0.1320293359       -0.0069184688
      640.0000000000        0.0959590797       -0.0027236023
      648.0000000000        0.0830297581       -0.0006739424
      656.0000000000        0.0840976497        0.0009539780
      664.0000000000        0.0991329958        0.0032072700
      672.0000000000        0.1413521772        0.0081323211
      680.0000000000        0.2574907354        0.0247340302
      688.0000000000        0.7355511692        0.1311296011
      696.0000000000        2.8902144998       -0.0153883206
      704.0000000000        3.8924284741       -0.2677785985
      712.0000000000        0.7844826871       -0.1383706677
      720.0000000000        0.2804081438       -0.0267134916
      728.0000000000        0.1530860261       -0.0087216989
      736.0000000000        0.1082056433       -0.0033407782
      744.0000000000        0.0926249592       -0.0007455740
      752.0000000000        0.0957249511        0.0016434976
      760.0000000000        0.1262477192        0.0065604019
      768.0000000000        0.2359324279        0.0273733047
      776.0000000000        0.9410549557        0.2217880846
      784.0000000000        1.2690342507       -0.3004074810
      792.0000000000        0.2850871098       -0.0351178475
      800.0000000000        0.1493106723       -0.0071044547
      808.0000000000        0.1210889645       -0.0010431521
      816.0000000000        0.1248225464        0.0018153197
      824.0000000000        0.1502833759        0.0047073039
      832.0000000000        0.2056040308        0.0097256714
      840.0000000000        0.3241946978        0.0220186299
      848.0000000000        0.6397730481        0.0662013268
      856.0000000000        1.9666862994        0.3752696720
      864.0000000000        6.2294321931       -0.4604385396
      872.0000000000        9.9049876716        1.1027518234
      880.0000000000        2.8454895987       -0.5810934021
      888.0000000000        0.8665866450       -0.0906554588
      896.0000000000        0.4869727322       -0.0192602318
      904.0000000000        0.5177792588        0.0365102523
      912.0000000000        1.7355866376        0.2230668456
      920.0000000000        0.6271568078       -0.0994371705
      928.0000000000        0.3114481260       -0.0098346327
      936.0000000000        0.3414729661        0.0187793089
      944.0000000000        0.8697570972        0.1678198226
      952.0000000000        1.9699243307       -0.3732700638
      960.0000000000        0.4779882536       -0.0508058492
      968.0000000000        0.3110617991       -0.0041772436
      976.0000000000        0.3447624263        0.0124363367
      984.0000000000        0.5544443461        0.0458872427
      992.0000000000        1.4351481639        0.2375960985
     1000.0000000000        7.5278781451        0.9636191519
     1008.0000000000        2.3478629479       -0.4035167926
     1016.0000000000        1.5599364594        0.1358062875
     1024.0000000000        2.4102606488       -0.4103717153
     1032.0000000000        1.0037428057       -0.0058139340
     1040.0000000000        2.1364630227        0.3757553426
     1048.0000000000        2.0261241827       -0.0845381567
     1056.0000000000        3.6677811097        0.2695391956
     1064.0000000000        6.5190272625        1.1665895565
     1072.0000000000        6.3993631901       -0.8395014995
     1080.0000000000        6.4588450642       -0.8272415473
     1088.0000000000        2.1733809430       -0.0381471849
     1096.0000000000        2.6132408056       -0.3525253670
     1104.0000000000        1.6274982786        0.1148218352
     1112.0000000000        5.6650143279        0.3981670424
     1120.0000000000        1.6251560112       -0.2504972623
     1128.0000000000        0.9331951177        0.0096907052
     1136.0000000000        2.0046391121        0.3760842052
     1144.0000000000        5.0294077343       -0.9145467262
     1152.0000000000        0.9998823076       -0.1476995673
     1160.0000000000        0.4363613964       -0.0305553166
     1168.0000000000        0.2936678448       -0.0088113202
     1176.0000000000        0.2621410218        0.0004379840
     1184.0000000000        0.3131188209        0.0147998646
     1192.0000000000        0.6900601858        0.1081147618
     1200.0000000000        0.8416827147        0.0032859381
     1208.0000000000        1.9434053120        0.0213509271
     1216.0000000000        1.3224331934        0.0882138393
     1224.0000000000        4.1738923994        0.2315083572
     1232.0000000000        5.1914605126        0.8864207774
     1240.0000000000        3.6899344872       -0.4515680523
     1248.0000000000        2.8458111882       -0.0153913076
     1256.0000000000        1.6305138129       -0.1616227606
     1264.0000000000        2.1589006937        0.2819098131
     1272.0000000000        5.2893139522        0.7568459056
     1280.0000000000        1.9387816290       -0.3703520445
     1288.0000000000        0.7507136866       -0.0420038641
     1296.0000000000        0.7568556915        0.0484767094
     1304.0000000000        2.4313528346        0.4571953512
     1312.0000000000        1.4238798109       -0.1888328560
     1320.0000000000        1.3830049480        0.1622829500
     1328.0000000000        3.9130010187       -0.2890950316
     1336.0000000000        3.0479342653        0.4412246631
     1344.0000000000        3.6149381304       -0.3271875253
     1352.0000000000        3.6374168295       -0.6279816425
     1360.0000000000        0.9682516589       -0.0949574565
     1368.0000000000        0.7178031794        0.0169794073
     1376.0000000000        1.3012432099        0.0211037009
     1384.0000000000        1.6816316742        0.2294148427
     1392.0000000000        5.8956226821       -0.2227112393
     1400.0000000000        2.9523744871        0.1765873772
     1408.0000000000        8.0044436583        0.9742475359
     1416.0000000000        4.2364845472       -0.8056470502
     1424.0000000000        2.0463065548        0.1128824284
     1432.0000000000        3.2820917357        0.2019937383
     1440.0000000000        1.2415570794       -0.1881701011
     1448.0000000000        0.8048805152        0.0445839833
     1456.0000000000        1.2830849166       -0.1026476273
     1464.0000000000        1.5106452839       -0.1387529205
     1472.0000000000        0.4620659063       -0.0397370049
     1480.0000000000        0.3862642325        0.0130026192
     1488.0000000000        0.7998244107        0.1254331206
     1496.0000000000        3.9786752615        0.3833721308
     1504.0000000000        1.0224384482       -0.2067829965
     1512.0000000000        0.3088398193       -0.0337063738
     1520.0000000000        0.1544592243       -0.0106924906
     1528.0000000000        0.0968768372       -0.0047879383
     1536.0000000000        0.0681300579       -0.0026074628
     1544.0000000000        0.0517142562       -0.0016107629
     1552.0000000000        0.0378878209       -0.0010423192
     1560.0000000000        0.0308662258       -0.0007380811
     1568.0000000000        0.0251123732       -0.0005384706
     1576.0000000000        0.0158864595       -0.0003460313
     1584.0000000000        0.0134546173       -0.0002666681
     1592.0000000000        0.0107727613       -0.0002007681
     1600.0000000000        0.0078568280       -0.0001430886
     1608.0000000000        0.0068273556       -0.0001155954
     1616.0000000000        0.0054149560       -0.0000876836
     1624.0000000000        0.0040194346       -0.0000631488
     1632.0000000000        0.0035581546       -0.0000525993
     1640.0000000000        0.0031719351       -0.0000442741
     1648.0000000000        0.0028453354       -0.0000376167
     1656.0000000000        0.0025666896       -0.0000322297
     1664.0000000000        0.0000000000        0.0000000000
     1672.0000000000        0.0000000000        0.0000000000
     1680.0000000000        0.0000000000        0.0000000000
     1688.0000000000        0.0000000000        0.0000000000
     1696.0000000000        0.0000000000        0.0000000000
     1704.0000000000        0.0000000000        0.0000000000
     1712.0000000000        0.0000000000        0.0000000000
     1720.0000000000        0.0000000000        0.0000000000
     1728.0000000000        0.0000000000        0.0000000000
     1736.0000000000        0.0000000000        0.0000000000
     1744.0000000000        0.0000000000        0.0000000000
     1752.0000000000        0.0000000000        0.0000000000
     1760.0000000000        0.0000000000        0.0000000000
     1768.0000000000        0.0000000000        0.0000000000
     1776.0000000000        0.0000000000        0.0000000000
     1784.0000000000        0.0000000000        0.0000000000
     1792.0000000000        0.0000000000        0.0000000000
     1800.0000000000        0.0000000000        0.0000000000
     1808.0000000000        0.0000000000        0.0000000000
     1816.0000000000        0.0000000000        0.0000000000
     1824.0000000000        0.0000000000        0.0000000000
     1832.0000000000        0.0000000000        0.0000000000
     1840.0000000000        0.0000000000        0.0000000000
     1848.0000000000        0.0000000000        0.0000000000
     1856.0000000000        0.0000000000        0.0000000000
     1864.0000000000        0.0000000000        0.0000000000
     1872.0000000000        0.0000000000        0.0000000000
     1880.0000000000        0.0000000000        0.0000000000
     1888.0000000000        0.0000000000        0.0000000000
     1896.0000000000        0.0000000000        0.0000000000
     1904.0000000000        0.0000000000        0.0000000000
     1912.0000000000        0.0000000000        0.0000000000
     1920.0000000000        0.0000000000        0.0000000000
     1928.0000000000        0.0000000000        0.0000000000
     1936.0000000000        0.0000000000        0.0000000000
     1944.0000000000        0.0000000000        0.0000000000
     1952.0000000000        0.0000000000        0.0000000000
     1960.0000000000        0.0000000000        0.0000000000
     1968.0000000000        0.0000000000        0.0000000000
     1976.0000000000        0.0000000000        0.0000000000
     1984.0000000000        0.0000000000        0.0000000000
     1992.0000000000        0.0000000000        0.0000000000
     2000.0000000000        0.0000000000        0.0000000000
     2008.0000000000        0.0000000000        0.0000000000
     2016.0000000000        0.0000000000        0.0000000000
     2024.0000000000        0.0000000000        0.0000000000
     2032.0000000000        0.0000000000        0.0000000000
     2040.0000000000        0.0000000000        0.0000000000
     2048.0000000000        0.0000000000        0.0000000000
     2056.0000000000        0.0000000000        0.0000000000
     2064.0000000000        0.0000000000        0.0000000000
     2072.0000000000        0.0000000000        0.0000000000
     2080.0000000000        0.0000000000        0.0000000000
     2088.0000000000        0.0000000000        0.0000000000
     2096.0000000000        0.0000000000        0.0000000000
     2104.0000000000        0.0000000000        0.0000000000
     2112.0000000000        0.0000000000        0.0000000000
     2120.0000000000        0.0000000000        0.0000000000
     2128.0000000000        0.0000000000        0.0000000000
     2136.0000000000        0.0000000000        0.0000000000
     2144.0000000000        0.0000000000        0.0000000000
     2152.0000000000        0.0000000000        0.0000000000
     2160.0000000000        0.0000000000        0.0000000000
     2168.0000000000        0.0000000000        0.0000000000
     2176.0000000000        0.0000000000        0.0000000000
     2184.0000000000        0.0000000000        0.0000000000
     2192.0000000000        0.0000000000        0.0000000000
     2200.0000000000        0.0000000000        0.0000000000
     2208.0000000000        0.0000000000        0.0000000000
     2216.0000000000        0.0000000000        0.0000000000
     2224.0000000000        0.0000000000        0.0000000000
     2232.0000000000        0.0000000000        0.0000000000
     2240.0000000000        0.0000000000        0.0000000000
     2248.0000000000        0.0000000000        0.0000000000
     2256.0000000000        0.0000000000        0.0000000000
     2264.0000000000        0.0000000000        0.0000000000
     2272.0000000000        0.0000000000        0.0000000000
     2280.0000000000        0.0000000000        0.0000000000
     2288.0000000000        0.0000000000        0.0000000000
     2296.0000000000        0.0000000000        0.0000000000
     2304.0000000000        0.0000000000        0.0000000000
     2312.0000000000        0.0000000000        0.0000000000
     2320.0000000000        0.0000000000        0.0000000000
     2328.0000000000        0.0000000000        0.0000000000
     2336.0000000000        0.0000000000        0.0000000000
     2344.0000000000        0.0000000000        0.0000000000
     2352.0000000000        0.0000000000        0.0000000000
     2360.0000000000        0.0000000000        0.0000000000
     2368.0000000000        0.0000000000        0.0000000000
     2376.0000000000        0.0000000000        0.0000000000
     2384.0000000000        0.0000000000        0.0000000000
     2392.0000000000        0.0000000000        0.0000000000
     2400.0000000000        0.0000000000        0.0000000000
     2408.0000000000        0.0000000000        0.0000000000
     2416.0000000000        0.0000000000        0.0000000000
     2424.0000000000        0.0000000000        0.0000000000
     2432.0000000000        0.0000000000        0.0000000000
     2440.0000000000        0.0000000000        0.0000000000
     2448.0000000000        0.0000000000        0.0000000000
     2456.0000000000        0.0000000000        0.0000000000
     2464.0000000000        0.0000000000        0.0000000000
     2472.0000000000        0.0000000000        0.0000000000
     2480.0000000000        0.0000000000        0.0000000000
     2488.0000000000        0.0000000000        0.0000000000
     2496.0000000000        0.0000000000        0.0000000000
     2504.0000000000        0.0000000000        0.0000000000
     2512.0000000000        0.0000000000        0.0000000000
     2520.0000000000        0.0000000000        0.0000000000
     2528.0000000000        0.0000000000        0.0000000000
     2536.0000000000        0.0000000000        0.0000000000
     2544.0000000000        0.0000000000        0.0000000000
     2552.0000000000        0.0000000000        0.0000000000
     2560.0000000000        0.0000000000        0.0000000000
     2568.0000000000        0.0000000000        0.0000000000
     2576.0000000000        0.0000000000        0.0000000000
     2584.0000000000        0.0000000000        0.0000000000
     2592.0000000000        0.0000000000        0.0000000000
     2600.0000000000        0.0000000000        0.0000000000
     2608.0000000000        0.0000000000        0.0000000000
     2616.0000000000        0.0000000000        0.0000000000
     2624.0000000000        0.0000000000        0.0000000000
     2632.0000000000        0.0000000000        0.0000000000
     2640.0000000000        0.0000000000        0.0000000000
     2648.0000000000        0.0000000000        0.0000000000
     2656.0000000000        0.0000000000        0.0000000000
     2664.0000000000        0.0000000000        0.0000000000
     2672.0000000000        0.0000000000        0.0000000000
     2680.0000000000        0.0000000000        0.0000000000
     2688.0000000000        0.0000000000        0.0000000000
     2696.0000000000        0.0000000000        0.0000000000
     2704.0000000000        0.0000000000        0.0000000000
     2712.0000000000        0.0000000000        0.0000000000
     2720.0000000000        0.0000000000        0.0000000000
     2728.0000000000        0.0000000000        0.0000000000
     2736.0000000000        0.0000000000        0.0000000000
     2744.0000000000        0.0000000000        0.0000000000
     2752.0000000000        0.0000000000        0.0000000000
     2760.0000000000        0.0000000000        0.0000000000
     2768.0000000000        0.0000000000        0.0000000000
     2776.0000000000        0.0000000000        0.0000000000
     2784.0000000000        0.0000000000        0.0000000000
     2792.0000000000        0.0000000000        0.0000000000
     2800.0000000000        0.0000000000        0.0000000000
     2808.0000000000        0.0000000000        0.0000000000
     2816.0000000000        0.0000000000        0.0000000000
     2824.0000000000        0.0000000000        0.0000000000
     2832.0000000000        0.0000000000        0.0000000000
     2840.0000000000        0.0000000000        0.0000000000
     2848.0000000000        0.0150311872        0.0001918372
     2856.0000000000        0.0314696374        0.0004111625
     2864.0000000000        0.0350362503        0.0004830667
     2872.0000000000        0.0630021305        0.0008783433
     2880.0000000000        0.0996155076        0.0014171846
     2888.0000000000        0.1120085793        0.0016919829
     2896.0000000000        0.1678302118        0.0025636794
     2904.0000000000        0.1904260081        0.0031090368
     2912.0000000000        0.2180269940        0.0038247925
     2920.0000000000        0.2522708755        0.0047850097
     2928.0000000000        0.3097841935        0.0062943912
     2936.0000000000        0.3751107541        0.0083084519
     2944.0000000000        0.4521555797        0.0111454425
     2952.0000000000        0.5575312986        0.0155378793
     2960.0000000000        0.7082988388        0.0228072117
     2968.0000000000        0.9378761456        0.0360090279
     2976.0000000000        1.3212325604        0.0635402348
     2984.0000000000        2.0655797448        0.1354554422
     2992.0000000000        3.9898936342        0.4197551809
     3000.0000000000       13.3455137565        2.7748671403
     3008.0000000000       23.1426381768       -1.5315762868
     3016.0000000000       28.4502703954       -3.1400301647
     3024.0000000000       31.4410318416        5.3533767878
     3032.0000000000       46.4154132153        2.8021895071
     3040.0000000000       27.2660036221       -4.0685154583
     3048.0000000000       29.9900397216        5.0102533308
     3056.0000000000       47.7529109702       -9.5248702390
     3064.0000000000       10.9313963293       -1.2481340266
     3072.0000000000        8.4663193782        0.5452299658
     3080.0000000000       24.6250265353        0.3743041338
     3088.0000000000       16.4414030211        0.1686644065
     3096.0000000000        4.8716586020       -0.7536280440
     3104.0000000000        2.0169003000       -0.1603056752
     3112.0000000000        1.2081502807       -0.0634179648
     3120.0000000000        0.8399100190       -0.0333618888
     3128.0000000000        0.6310021707       -0.0204173970
     3136.0000000000        0.4971544850       -0.0136948819
     3144.0000000000        0.4045970268       -0.0097635216
     3152.0000000000        0.3371617018       -0.0072699692
     3160.0000000000        0.2861254433       -0.0055926878
     3168.0000000000        0.2325540073       -0.0042443321
     3176.0000000000        0.1879779255       -0.0032335690
     3184.0000000000        0.1646250701       -0.0026329467
     3192.0000000000        0.1243006116       -0.0019185308
     3200.0000000000        0.0846612719       -0.0012867259
     3208.0000000000        0.0752457175       -0.0010756704
     3216.0000000000        0.0290499661       -0.0004383671
     3224.0000000000        0.0258369834       -0.0003676442
     3232.0000000000        0.0231292825       -0.0003113597
     3240.0000000000        0.0208261600       -0.0002660076
     3248.0000000000        0.0071782209       -0.0000901309
     3256.0000000000        0.0000000000        0.0000000000
     3264.0000000000        0.0000000000        0.0000000000
     3272.0000000000        0.0000000000        0.0000000000
     3280.0000000000        0.0000000000        0.0000000000
     3288.0000000000        0.0000000000        0.0000000000
     3296.0000000000        0.0000000000        0.0000000000
     3304.0000000000        0.0000000000        0.0000000000
     3312.0000000000        0.0000000000        0.0000000000
     3320.0000000000        0.0000000000        0.0000000000
     3328.0000000000        0.0000000000        0.0000000000
     3336.0000000000        0.0000000000        0.0000000000
     3344.0000000000        0.0000000000        0.0000000000
     3352.0000000000        0.0000000000        0.0000000000
     3360.0000000000        0.0000000000        0.0000000000
     3368.0000000000        0.0000000000        0.0000000000
     3376.0000000000        0.0000000000        0.0000000000
     3384.0000000000        0.0000000000        0.0000000000
     3392.0000000000        0.0000000000        0.0000000000
     3400.0000000000        0.0000000000        0.0000000000
     3408.0000000000        0.0000000000        0.0000000000
     3416.0000000000        0.0000000000        0.0000000000
     3424.0000000000        0.0000000000        0.0000000000
     3432.0000000000        0.0000000000        0.0000000000
     3440.0000000000        0.0000000000        0.0000000000
     3448.0000000000        0.0000000000        0.0000000000
     3456.0000000000        0.0000000000        0.0000000000
     3464.0000000000        0.0000000000        0.0000000000
     3472.0000000000        0.0000000000        0.0000000000
     3480.0000000000        0.0000000000        0.0000000000
     3488.0000000000        0.0000000000        0.0000000000
     3496.0000000000        0.0000000000        0.0000000000
     3504.0000000000        0.0000000000        0.0000000000
     3512.0000000000        0.0000000000        0.0000000000
     3520.0000000000        0.0000000000        0.0000000000
     3528.0000000000        0.0000000000        0.0000000000
     3536.0000000000        0.0000000000        0.0000000000
     3544.0000000000        0.0000000000        0.0000000000
     3552.0000000000        0.0000000000        0.0000000000
     3560.0000000000        0.0000000000        0.0000000000
     3568.0000000000        0.0000000000        0.0000000000
     3576.0000000000        0.0000000000        0.0000000000
     3584.0000000000        0.0000000000        0.0000000000
     3592.0000000000        0.0000000000        0.0000000000
     3600.0000000000        0.0056624561        0.0000713576
     3608.0000000000        0.0062795643        0.0000833320
     3616.0000000000        0.0070033085        0.0000981420
     3624.0000000000        0.0078597429        0.0001166787
     3632.0000000000        0.0230307514        0.0003227888
     3640.0000000000        0.0337573673        0.0004867273
     3648.0000000000        0.0456447287        0.0006818438
     3656.0000000000        0.0516404154        0.0008230890
     3664.0000000000        0.0660294324        0.0010966054
     3672.0000000000        0.0757924475        0.0013568156
     3680.0000000000        0.0879853692        0.0017102024
     3688.0000000000        0.1035293738        0.0022048202
     3696.0000000000        0.1238546236        0.0029236684
     3704.0000000000        0.1513027640        0.0040202719
     3712.0000000000        0.1899833733        0.0058051353
     3720.0000000000        0.2478205852        0.0089866323
     3728.0000000000        0.3422828258        0.0154792073
     3736.0000000000        0.5205185518        0.0319394792
     3744.0000000000        0.9599782242        0.0930655640
     3752.0000000000        2.8758694108        0.5537236011
     3760.0000000000        8.7049214139       -1.1858756516
     3768.0000000000        2.7528888879       -0.1236165946
     3776.0000000000        3.8419041777        0.4385938415
     3784.0000000000       16.3730356282        3.6059683613
     3792.0000000000       18.0132279919        0.2079453722
     3800.0000000000       14.8248484494        0.6046269504
     3808.0000000000        6.3472392804       -1.0117346209
     3816.0000000000        4.5862041265        0.4335184731
     3824.0000000000       11.2249867493       -1.4332148038
     3832.0000000000        2.3286649644       -0.3588802500
     3840.0000000000        0.9377414927       -0.0796616142
     3848.0000000000        0.5375852944       -0.0310328362
     3856.0000000000        0.3595762547       -0.0158723355
     3864.0000000000        0.2615143413       -0.0094340127
     3872.0000000000        0.2004700996       -0.0061553958
     3880.0000000000        0.1593706092       -0.0042784177
     3888.0000000000        0.1301473670       -0.0031130721
     3896.0000000000        0.1085138810       -0.0023452875
     3904.0000000000        0.0919928492       -0.0018159513
     3912.0000000000        0.0790588641       -0.0014376821
     3920.0000000000        0.0632564395       -0.0010916538
     3928.0000000000        0.0553624539       -0.0008910336
     3936.0000000000        0.0488756060       -0.0007372396
     3944.0000000000        0.0434768652       -0.0006172384
     3952.0000000000        0.0264936491       -0.0003715894
     3960.0000000000        0.0168397734       -0.0002315440
     3968.0000000000        0.0085049512       -0.0001171026
     3976.0000000000        0.0076401911       -0.0000997085
     3984.0000000000        0.0000000000        0.0000000000
     3992.0000000000        0.0000000000        0.0000000000
