# Raman Scattering Spectrum
# X-Axis:  Frequency (cm-1)
# Y-Axis:  Intensity (10-36 m2 cm/sr)

# Harmonic Data

# Peak information (Harmonic)
#                  X                   Y
#      14.2285449000        0.0036196535
#      22.5733563000        0.0148980544
#      22.6159582000        0.3310910300
#      38.3890464000        0.1191503793
#      46.4504408000        0.0261324354
#      61.5423902000        0.0054656185
#      71.2509719000        0.0204429538
#      81.4030752000        0.0117689765
#     108.4733000000        0.0193923663
#     116.2591430000        0.0145110956
#     117.5871910000        0.0014960117
#     142.2653710000        0.5177645275
#     143.6183220000        0.0050210086
#     149.1815150000        0.0003532545
#     169.0369990000        0.0014753381
#     170.8257260000        0.0000226021
#     187.0205360000        0.0344125577
#     249.6505740000        0.0002252156
#     254.0908710000        0.0134550477
#     290.1518020000        0.0057700855
#     339.6240850000        0.0036720512
#     406.8307320000        0.0392590542
#     422.3001890000        0.0014906684
#     487.2823750000        0.0037241637
#     499.9189420000        0.0076087102
#     522.7493900000        0.1435537691
#     528.5967530000        0.0066477377
#     635.1244600000        0.1147465038
#     677.7729520000        0.0686556991
#     737.2623690000        0.0003317777
#     738.0248580000        0.0000394842
#     738.9386790000        0.0001325214
#     745.8946890000        0.0002668328
#     762.2745590000        0.0001968635
#     790.2389050000        0.0007518374
#     828.7574040000        0.0003242188
#     874.5400910000        0.0018339860
#     883.6389350000        0.1390882767
#     904.4692580000        0.1263618441
#     924.9562780000        0.0006793918
#     976.7567650000        0.0017033950
#     989.0802230000        0.0017703923
#     999.0267650000        0.0241804397
#    1018.1754700000        0.0034350212
#    1025.7668300000        0.0008069484
#    1038.5457900000        0.0012271258
#    1051.6905900000        0.0438650829
#    1065.6156300000        0.0127008700
#    1065.7536900000        0.0005548228
#    1071.5669200000        0.0774044138
#    1072.5155100000        0.3257905956
#    1074.7503500000        0.0000719482
#    1078.1728000000        0.0834520089
#    1109.5899800000        0.1770945808
#    1149.7431800000        0.1805854596
#    1150.4483800000        0.0128235685
#    1166.8883100000        0.1110483019
#    1222.2277400000        0.0084383354
#    1234.5703200000        0.0001193426
#    1241.2536400000        0.0087389903
#    1262.8448500000        0.0071925122
#    1266.9965200000        0.0015184186
#    1289.1166400000        0.0059662070
#    1293.5561500000        0.0255177646
#    1313.2859800000        0.0172293554
#    1317.4169000000        0.0026489831
#    1334.6087200000        0.6551445690
#    1337.0249600000        0.0108307607
#    1338.4227100000        0.7775647464
#    1341.6554900000        0.0017570252
#    1348.1734200000        0.0282655499
#    1350.0011600000        0.0509693054
#    1355.3679700000        0.0011009636
#    1356.2262900000        0.0003591438
#    1361.2088100000        0.0092868095
#    1384.8643800000        0.0036744354
#    1405.3735800000        0.0030799073
#    1420.1445300000        0.0016737667
#    1425.1545000000        0.0542493117
#    1427.3015500000        0.0003199095
#    1428.2292400000        0.0012726211
#    1439.9608600000        0.0089804580
#    1441.2652300000        0.0418539523
#    1490.5620500000        0.1219348327
#    1512.2172700000        0.0005198422
#    1512.4392900000        0.0244395747
#    1514.3511600000        0.0066038940
#    1514.8890800000        0.0016819433
#    1516.9916900000        1.3261117643
#    1518.0226300000        0.1803400657
#    1522.6698900000        0.0985060575
#    1528.2536500000        0.0283827099
#    1529.8560300000        0.2232100982
#    1533.9525600000        0.0278435616
#    1539.0558900000        0.0134537681
#    1543.0249300000        0.0093723580
#    1545.5461300000        0.0025792742
#    1846.9612100000        0.0372994942
#    3008.5776600000        0.0139434669
#    3008.9285500000        0.0001786342
#    3009.8460700000        0.1038876846
#    3011.4863200000        0.0818285836
#    3012.4248000000        0.0013489507
#    3013.6405200000        2.6544962881
#    3016.8682200000        0.1205605470
#    3021.8772700000        0.0942631996
#    3026.1864600000        0.1499363968
#    3028.5396500000        0.1242651216
#    3029.6428000000        1.3805853164
#    3030.3574200000        0.2359770736
#    3032.0367300000        0.6568367042
#    3034.8948000000        0.0168380521
#    3039.6328300000        0.1811524669
#    3040.5852400000        0.6667641911
#    3042.9135500000        0.7268798679
#    3047.2428800000        0.0186024753
#    3054.9297700000        0.0730999695
#    3055.7661900000        0.1357345064
#    3063.7511000000        0.0005518495
#    3069.5554900000        0.3822267874
#    3072.3087900000        0.0436703833
#    3077.0915800000        0.0206323927
#    3097.7086600000        0.0150287285
#    3105.1458900000        0.1770016017
#    3109.7858300000        0.5450675775
#    3684.3134000000        0.8372133237

# Plot Curve (Harmonic)
#                  X                   Y               DY/DX
     -500.0000000000        0.0000000000        0.0000000000
     -491.0000000000        0.0000000000        0.0000000000
     -482.0000000000        0.0000000000        0.0000000000
     -473.0000000000        0.0000000000        0.0000000000
     -464.0000000000        0.0000000000        0.0000000000
     -455.0000000000        0.0000000000        0.0000000000
     -446.0000000000        0.0000000000        0.0000000000
     -437.0000000000        0.0000000000        0.0000000000
     -428.0000000000        0.0000000000        0.0000000000
     -419.0000000000        0.0000000000        0.0000000000
     -410.0000000000        0.0000000000        0.0000000000
     -401.0000000000        0.0000000000        0.0000000000
     -392.0000000000        0.0000000000        0.0000000000
     -383.0000000000        0.0000000000        0.0000000000
     -374.0000000000        0.0000000000        0.0000000000
     -365.0000000000        0.0000000000        0.0000000000
     -356.0000000000        0.0000000000        0.0000000000
     -347.0000000000        0.0000000000        0.0000000000
     -338.0000000000        0.0000000000        0.0000000000
     -329.0000000000        0.0000000000        0.0000000000
     -320.0000000000        0.0000000000        0.0000000000
     -311.0000000000        0.0000000000        0.0000000000
     -302.0000000000        0.0000000000        0.0000000000
     -293.0000000000        0.0000000000        0.0000000000
     -284.0000000000        0.0000000000        0.0000000000
     -275.0000000000        0.0000000000        0.0000000000
     -266.0000000000        0.0000000000        0.0000000000
     -257.0000000000        0.0000000000        0.0000000000
     -248.0000000000        0.0000000000        0.0000000000
     -239.0000000000        0.0000000000        0.0000000000
     -230.0000000000        0.0000000000        0.0000000000
     -221.0000000000        0.0000000000        0.0000000000
     -212.0000000000        0.0000000000        0.0000000000
     -203.0000000000        0.0000000000        0.0000000000
     -194.0000000000        0.0000000000        0.0000000000
     -185.0000000000        0.0000000000        0.0000000000
     -176.0000000000        0.0000000000        0.0000000000
     -167.0000000000        0.0000000000        0.0000000000
     -158.0000000000        0.0000000000        0.0000000000
     -149.0000000000        0.0000000000        0.0000000000
     -140.0000000000        0.0000834642        0.0000010816
     -131.0000000000        0.0081217052        0.0001057406
     -122.0000000000        0.0091640324        0.0001267317
     -113.0000000000        0.0138173157        0.0001981349
     -104.0000000000        0.0157897955        0.0002421598
      -95.0000000000        0.0183394393        0.0003018462
      -86.0000000000        0.0218399762        0.0003862579
      -77.0000000000        0.0260367818        0.0004993427
      -68.0000000000        0.0311933821        0.0006561253
      -59.0000000000        0.0380664042        0.0008867212
      -50.0000000000        0.0479351949        0.0012458837
      -41.0000000000        0.0618591548        0.0018243099
      -32.0000000000        0.0823232243        0.0028203712
      -23.0000000000        0.1152495841        0.0047141284
      -14.0000000000        0.1849859532        0.0089637936
       -5.0000000000        0.3059270048        0.0198461832
        4.0000000000        0.6221505268        0.0603528883
       13.0000000000        1.9972205094        0.3347398299
       22.0000000000       11.8821874115        0.8916372471
       31.0000000000        3.2187061315       -0.2265903928
       40.0000000000        4.3968117157       -0.6140629599
       49.0000000000        1.4894790275       -0.2411967494
       58.0000000000        0.6284162223       -0.0030841780
       67.0000000000        0.6853086697        0.0584625968
       76.0000000000        0.6496520700       -0.0419942783
       85.0000000000        0.4810361377       -0.0606556998
       94.0000000000        0.3087607107        0.0030759810
      103.0000000000        0.5285951287        0.0659304360
      112.0000000000        0.9689843227       -0.0122200277
      121.0000000000        0.9337831008       -0.0126885652
      130.0000000000        1.7790228989        0.2384178300
      139.0000000000       10.5076072772        2.5559234282
      148.0000000000        5.7951947671       -1.3449971448
      157.0000000000        1.2569155773       -0.1510392051
      166.0000000000        0.5786135726       -0.0289077887
      175.0000000000        0.4068545356       -0.0024426956
      184.0000000000        0.8978881874        0.1660930846
      193.0000000000        0.4710398914       -0.0856796768
      202.0000000000        0.1617261716       -0.0120499728
      211.0000000000        0.0976526644       -0.0040959668
      220.0000000000        0.0723389278       -0.0018524654
      229.0000000000        0.0617413821       -0.0004791971
      238.0000000000        0.0665932037        0.0022173858
      247.0000000000        0.1451762535        0.0232362518
      256.0000000000        0.3892445786       -0.0702151831
      265.0000000000        0.0807952565       -0.0084640548
      274.0000000000        0.0484812108       -0.0006746011
      283.0000000000        0.0708353416        0.0087033219
      292.0000000000        0.1751506018       -0.0296604318
      301.0000000000        0.0411281845       -0.0038262281
      310.0000000000        0.0150589502       -0.0006216901
      319.0000000000        0.0131711985        0.0001502660
      328.0000000000        0.0200779361        0.0018402004
      337.0000000000        0.0895421337        0.0188574482
      346.0000000000        0.0413940618       -0.0073470190
      355.0000000000        0.0166272956       -0.0006525814
      364.0000000000        0.0182590658        0.0002715449
      373.0000000000        0.0236243628        0.0009398476
      382.0000000000        0.0377349640        0.0024773969
      391.0000000000        0.0811551342        0.0089026770
      400.0000000000        0.3240713131        0.0690949374
      409.0000000000        0.9675451493       -0.1997488990
      418.0000000000        0.1705297342       -0.0167691003
      427.0000000000        0.0761267189       -0.0091290391
      436.0000000000        0.0382200923       -0.0017591567
      445.0000000000        0.0295253577       -0.0004192599
      454.0000000000        0.0285976162        0.0002009715
      463.0000000000        0.0330336249        0.0008243793
      472.0000000000        0.0454334423        0.0021846712
      481.0000000000        0.0911142403        0.0104450762
      490.0000000000        0.1845420837       -0.0086671634
      499.0000000000        0.3661622870        0.0327173304
      508.0000000000        0.3655397989        0.0293081247
      517.0000000000        1.4807574928        0.3392256768
      526.0000000000        2.8150674699       -0.6179090652
      535.0000000000        0.4945351698       -0.0756731562
      544.0000000000        0.1759060707       -0.0152420216
      553.0000000000        0.0941214421       -0.0051974722
      562.0000000000        0.0630969781       -0.0021867209
      571.0000000000        0.0491508343       -0.0008836700
      580.0000000000        0.0449326185       -0.0000920344
      589.0000000000        0.0474015302        0.0006730267
      598.0000000000        0.0582691788        0.0018715379
      607.0000000000        0.0856511139        0.0046818554
      616.0000000000        0.1616838242        0.0145353534
      625.0000000000        0.4836949868        0.0796786660
      634.0000000000        3.2121684796        0.4160563417
      643.0000000000        0.7376991786       -0.1410220361
      652.0000000000        0.2356814279       -0.0169732277
      661.0000000000        0.1940238960        0.0062658342
      670.0000000000        0.4752300429        0.0842969856
      679.0000000000        1.8956585959       -0.2626454768
      688.0000000000        0.2904997161       -0.0466294382
      697.0000000000        0.0991938047       -0.0088864249
      706.0000000000        0.0514714525       -0.0030755664
      715.0000000000        0.0326045957       -0.0014012604
      724.0000000000        0.0261914739       -0.0005914257
      733.0000000000        0.0263324424        0.0011717235
      742.0000000000        0.0273580547       -0.0009949526
      751.0000000000        0.0213331806       -0.0009309145
      760.0000000000        0.0210557674        0.0007726424
      769.0000000000        0.0177325406       -0.0002947427
      778.0000000000        0.0180328411        0.0003194681
      787.0000000000        0.0296856929        0.0033337753
      796.0000000000        0.0229597837       -0.0014201353
      805.0000000000        0.0200410603        0.0001755905
      814.0000000000        0.0232920851        0.0005355289
      823.0000000000        0.0310353180        0.0014526467
      832.0000000000        0.0421968657       -0.0001757915
      841.0000000000        0.0509191595        0.0019558669
      850.0000000000        0.0766116894        0.0040089887
      859.0000000000        0.1330589464        0.0096031978
      868.0000000000        0.3000974563        0.0345607327
      877.0000000000        1.1644528550        0.2292119309
      886.0000000000        3.0943527596       -0.6250286850
      895.0000000000        0.9802750136        0.0285601850
      904.0000000000        3.6718137140        0.1898980926
      913.0000000000        0.7279020426       -0.1280425325
      922.0000000000        0.2449803984       -0.0181981126
      931.0000000000        0.1286686825       -0.0080979765
      940.0000000000        0.0840364016       -0.0029780438
      949.0000000000        0.0660636262       -0.0012321843
      958.0000000000        0.0632670641       -0.0001028810
      967.0000000000        0.0690606458        0.0017815131
      976.0000000000        0.1200224752        0.0066133316
      985.0000000000        0.1374358338        0.0114688248
      994.0000000000        0.3463767247        0.0593157970
     1003.0000000000        0.4219047683       -0.0823148749
     1012.0000000000        0.1840337358        0.0009433649
     1021.0000000000        0.2212362837       -0.0098220163
     1030.0000000000        0.2214081395        0.0056340781
     1039.0000000000        0.3717502262        0.0242556029
     1048.0000000000        1.0396733820        0.1884994156
     1057.0000000000        1.3259690048        0.0015884805
     1066.0000000000        3.8695431075        0.7174958979
     1075.0000000000        9.1775279248       -1.4029394374
     1084.0000000000        2.0596538641       -0.3405708412
     1093.0000000000        0.8678134846       -0.0264357978
     1102.0000000000        1.3574451354        0.1973692685
     1111.0000000000        4.4780176847       -0.6710767345
     1120.0000000000        0.8326526551       -0.1003051442
     1129.0000000000        0.4865977736       -0.0029901276
     1138.0000000000        0.7391053873        0.0769840190
     1147.0000000000        3.6932162678        0.8214273362
     1156.0000000000        1.9410760173       -0.2909148070
     1165.0000000000        2.8079448690        0.4241669625
     1174.0000000000        0.8932660233       -0.1637610268
     1183.0000000000        0.3094902717       -0.0246718551
     1192.0000000000        0.1842918239       -0.0076174800
     1201.0000000000        0.1414220169       -0.0025821088
     1210.0000000000        0.1357993198        0.0018817890
     1219.0000000000        0.2428663272        0.0329934908
     1228.0000000000        0.1920233780       -0.0137377964
     1237.0000000000        0.2245445362        0.0255683347
     1246.0000000000        0.2166147262       -0.0211875379
     1255.0000000000        0.1853616596        0.0083033477
     1264.0000000000        0.3578336388       -0.0135051814
     1273.0000000000        0.2430233550        0.0007537491
     1282.0000000000        0.3453664197        0.0254281934
     1291.0000000000        0.9207044556        0.0955007990
     1300.0000000000        0.7086356904       -0.0145187397
     1309.0000000000        1.0672785890        0.1042657383
     1318.0000000000        1.9846915859        0.1254084542
     1327.0000000000        5.9807624880        1.0935076988
     1336.0000000000       30.0276924598        0.9608133902
     1345.0000000000        8.6173725454       -1.3405702604
     1354.0000000000        2.9275489917       -0.4179983093
     1363.0000000000        1.2653400877       -0.1236727927
     1372.0000000000        0.6297784004       -0.0348009838
     1381.0000000000        0.4583460260       -0.0030362298
     1390.0000000000        0.3524618836       -0.0149082892
     1399.0000000000        0.3030862032        0.0024776105
     1408.0000000000        0.3497212905       -0.0054703241
     1417.0000000000        0.5225963616        0.0598053871
     1426.0000000000        1.6179913919       -0.1181504453
     1435.0000000000        0.7902741621        0.0558313425
     1444.0000000000        1.1019922679       -0.1968607716
     1453.0000000000        0.4149934178       -0.0151688701
     1462.0000000000        0.3957959811        0.0065526216
     1471.0000000000        0.5218846697        0.0233104482
     1480.0000000000        0.9346670456        0.0873849433
     1489.0000000000        3.5167724891        0.5005584163
     1498.0000000000        2.4831695370        0.0328872575
     1507.0000000000        5.8139028876        0.9358418539
     1516.0000000000       36.0028427757        4.3872386619
     1525.0000000000       12.3157022008       -1.2737107837
     1534.0000000000        6.0127816418       -0.9445108688
     1543.0000000000        2.0524910840       -0.1974246850
     1552.0000000000        0.8570161870       -0.0661167610
     1561.0000000000        0.4880342040       -0.0255201029
     1570.0000000000        0.3220389885       -0.0132430838
     1579.0000000000        0.2299079741       -0.0078691791
     1588.0000000000        0.1719990869       -0.0050748791
     1597.0000000000        0.1341094619       -0.0034766540
     1606.0000000000        0.1068470517       -0.0024804788
     1615.0000000000        0.0876089258       -0.0018377454
     1624.0000000000        0.0731580255       -0.0014001361
     1633.0000000000        0.0620221615       -0.0010916287
     1642.0000000000        0.0532564157       -0.0008677679
     1651.0000000000        0.0443582407       -0.0006779936
     1660.0000000000        0.0388336483       -0.0005551569
     1669.0000000000        0.0342817411       -0.0004603294
     1678.0000000000        0.0099060892       -0.0001306093
     1687.0000000000        0.0054451205       -0.0000564531
     1696.0000000000        0.0010097549        0.0000025282
     1705.0000000000        0.0007127571        0.0000089798
     1714.0000000000        0.0007672890        0.0000115311
     1723.0000000000        0.0008826290        0.0000142256
     1732.0000000000        0.0010260622        0.0000178290
     1741.0000000000        0.0012075066        0.0000227591
     1750.0000000000        0.0014416746        0.0000296866
     1759.0000000000        0.0017511455        0.0000397341
     1768.0000000000        0.0021720065        0.0000548737
     1777.0000000000        0.0027648387        0.0000787817
     1786.0000000000        0.0036377163        0.0001188337
     1795.0000000000        0.0049989321        0.0001912766
     1804.0000000000        0.0072928976        0.0003365929
     1813.0000000000        0.0116105326        0.0006743970
     1822.0000000000        0.0212451002        0.0016596305
     1831.0000000000        0.0501437623        0.0059119106
     1840.0000000000        0.2106308399        0.0454942876
     1849.0000000000        0.6735705815       -0.1362595438
     1858.0000000000        0.0984871619       -0.0157728049
     1867.0000000000        0.0325154721       -0.0031208999
     1876.0000000000        0.0158008908       -0.0010679966
     1885.0000000000        0.0092805226       -0.0004826138
     1894.0000000000        0.0060920064       -0.0002571610
     1903.0000000000        0.0043014728       -0.0001527395
     1912.0000000000        0.0031975495       -0.0000979569
     1921.0000000000        0.0024695476       -0.0000665154
     1930.0000000000        0.0019644148       -0.0000472037
     1939.0000000000        0.0015997071       -0.0000346961
     1948.0000000000        0.0013278389       -0.0000262426
     1957.0000000000        0.0011197902       -0.0000203258
     1966.0000000000        0.0009570501       -0.0000160615
     1975.0000000000        0.0008273609       -0.0000129110
     1984.0000000000        0.0007223454       -0.0000105332
     1993.0000000000        0.0006361209       -0.0000087051
     2002.0000000000        0.0005644585       -0.0000072767
     2011.0000000000        0.0000000000        0.0000000000
     2020.0000000000        0.0000000000        0.0000000000
     2029.0000000000        0.0000000000        0.0000000000
     2038.0000000000        0.0000000000        0.0000000000
     2047.0000000000        0.0000000000        0.0000000000
     2056.0000000000        0.0000000000        0.0000000000
     2065.0000000000        0.0000000000        0.0000000000
     2074.0000000000        0.0000000000        0.0000000000
     2083.0000000000        0.0000000000        0.0000000000
     2092.0000000000        0.0000000000        0.0000000000
     2101.0000000000        0.0000000000        0.0000000000
     2110.0000000000        0.0000000000        0.0000000000
     2119.0000000000        0.0000000000        0.0000000000
     2128.0000000000        0.0000000000        0.0000000000
     2137.0000000000        0.0000000000        0.0000000000
     2146.0000000000        0.0000000000        0.0000000000
     2155.0000000000        0.0000000000        0.0000000000
     2164.0000000000        0.0000000000        0.0000000000
     2173.0000000000        0.0000000000        0.0000000000
     2182.0000000000        0.0000000000        0.0000000000
     2191.0000000000        0.0000000000        0.0000000000
     2200.0000000000        0.0000000000        0.0000000000
     2209.0000000000        0.0000000000        0.0000000000
     2218.0000000000        0.0000000000        0.0000000000
     2227.0000000000        0.0000000000        0.0000000000
     2236.0000000000        0.0000000000        0.0000000000
     2245.0000000000        0.0000000000        0.0000000000
     2254.0000000000        0.0000000000        0.0000000000
     2263.0000000000        0.0000000000        0.0000000000
     2272.0000000000        0.0000000000        0.0000000000
     2281.0000000000        0.0000000000        0.0000000000
     2290.0000000000        0.0000000000        0.0000000000
     2299.0000000000        0.0000000000        0.0000000000
     2308.0000000000        0.0000000000        0.0000000000
     2317.0000000000        0.0000000000        0.0000000000
     2326.0000000000        0.0000000000        0.0000000000
     2335.0000000000        0.0000000000        0.0000000000
     2344.0000000000        0.0000000000        0.0000000000
     2353.0000000000        0.0000000000        0.0000000000
     2362.0000000000        0.0000000000        0.0000000000
     2371.0000000000        0.0000000000        0.0000000000
     2380.0000000000        0.0000000000        0.0000000000
     2389.0000000000        0.0000000000        0.0000000000
     2398.0000000000        0.0000000000        0.0000000000
     2407.0000000000        0.0000000000        0.0000000000
     2416.0000000000        0.0000000000        0.0000000000
     2425.0000000000        0.0000000000        0.0000000000
     2434.0000000000        0.0000000000        0.0000000000
     2443.0000000000        0.0000000000        0.0000000000
     2452.0000000000        0.0000000000        0.0000000000
     2461.0000000000        0.0000000000        0.0000000000
     2470.0000000000        0.0000000000        0.0000000000
     2479.0000000000        0.0000000000        0.0000000000
     2488.0000000000        0.0000000000        0.0000000000
     2497.0000000000        0.0000000000        0.0000000000
     2506.0000000000        0.0000000000        0.0000000000
     2515.0000000000        0.0000000000        0.0000000000
     2524.0000000000        0.0000000000        0.0000000000
     2533.0000000000        0.0000000000        0.0000000000
     2542.0000000000        0.0000000000        0.0000000000
     2551.0000000000        0.0000000000        0.0000000000
     2560.0000000000        0.0000000000        0.0000000000
     2569.0000000000        0.0000000000        0.0000000000
     2578.0000000000        0.0000000000        0.0000000000
     2587.0000000000        0.0000000000        0.0000000000
     2596.0000000000        0.0000000000        0.0000000000
     2605.0000000000        0.0000000000        0.0000000000
     2614.0000000000        0.0000000000        0.0000000000
     2623.0000000000        0.0000000000        0.0000000000
     2632.0000000000        0.0000000000        0.0000000000
     2641.0000000000        0.0000000000        0.0000000000
     2650.0000000000        0.0000000000        0.0000000000
     2659.0000000000        0.0000000000        0.0000000000
     2668.0000000000        0.0000000000        0.0000000000
     2677.0000000000        0.0000000000        0.0000000000
     2686.0000000000        0.0000000000        0.0000000000
     2695.0000000000        0.0000000000        0.0000000000
     2704.0000000000        0.0000000000        0.0000000000
     2713.0000000000        0.0000000000        0.0000000000
     2722.0000000000        0.0000000000        0.0000000000
     2731.0000000000        0.0000000000        0.0000000000
     2740.0000000000        0.0000000000        0.0000000000
     2749.0000000000        0.0000000000        0.0000000000
     2758.0000000000        0.0000000000        0.0000000000
     2767.0000000000        0.0000000000        0.0000000000
     2776.0000000000        0.0000000000        0.0000000000
     2785.0000000000        0.0000000000        0.0000000000
     2794.0000000000        0.0000000000        0.0000000000
     2803.0000000000        0.0000000000        0.0000000000
     2812.0000000000        0.0000000000        0.0000000000
     2821.0000000000        0.0000000000        0.0000000000
     2830.0000000000        0.0000000000        0.0000000000
     2839.0000000000        0.0000000000        0.0000000000
     2848.0000000000        0.0000000000        0.0000000000
     2857.0000000000        0.0332153158        0.0004241129
     2866.0000000000        0.0384471509        0.0005200590
     2875.0000000000        0.0726328999        0.0010021913
     2884.0000000000        0.0998030312        0.0014341022
     2893.0000000000        0.1143002718        0.0017575951
     2902.0000000000        0.1343391390        0.0022141899
     2911.0000000000        0.1608551354        0.0028479915
     2920.0000000000        0.1906910977        0.0036753431
     2929.0000000000        0.2287112186        0.0048463364
     2938.0000000000        0.2797646846        0.0065855463
     2947.0000000000        0.3521352101        0.0093095792
     2956.0000000000        0.4603573101        0.0138470174
     2965.0000000000        0.6171396154        0.0218151771
     2974.0000000000        0.8759824420        0.0376740238
     2983.0000000000        1.3563681652        0.0748832365
     2992.0000000000        2.4378636191        0.1894090131
     3001.0000000000        5.9860646481        0.7817524182
     3010.0000000000       30.9568033304        6.6495893988
     3019.0000000000       25.7361828736       -3.1504570346
     3028.0000000000       39.4532290615        5.0531591594
     3037.0000000000       25.9603857005        0.2413872708
     3046.0000000000       17.1512546148       -3.2383483430
     3055.0000000000        7.9175987747       -0.1753944519
     3064.0000000000        4.9017050235        0.3109956185
     3073.0000000000        5.9722645453       -0.9959131812
     3082.0000000000        1.9170498782       -0.1527346865
     3091.0000000000        1.5051503445        0.0376042656
     3100.0000000000        3.1514634286        0.4358376099
     3109.0000000000       10.7207027671        0.4284359777
     3118.0000000000        2.3231563180       -0.3892695999
     3127.0000000000        0.8140463544       -0.0658676747
     3136.0000000000        0.4621678268       -0.0228727769
     3145.0000000000        0.3179033170       -0.0112162259
     3154.0000000000        0.2402688784       -0.0066385689
     3163.0000000000        0.1916491947       -0.0043991096
     3172.0000000000        0.1561324304       -0.0031098528
     3181.0000000000        0.1047604154       -0.0020032597
     3190.0000000000        0.0706465060       -0.0013016223
     3199.0000000000        0.0514855647       -0.0009030037
     3208.0000000000        0.0286376337       -0.0005228684
     3217.0000000000        0.0222980595       -0.0003839068
     3226.0000000000        0.0192053883       -0.0003059877
     3235.0000000000        0.0125147067       -0.0001970599
     3244.0000000000        0.0107140945       -0.0001580662
     3253.0000000000        0.0094215898       -0.0001303442
     3262.0000000000        0.0082005425       -0.0001069300
     3271.0000000000        0.0000000000        0.0000000000
     3280.0000000000        0.0000000000        0.0000000000
     3289.0000000000        0.0000000000        0.0000000000
     3298.0000000000        0.0000000000        0.0000000000
     3307.0000000000        0.0000000000        0.0000000000
     3316.0000000000        0.0000000000        0.0000000000
     3325.0000000000        0.0000000000        0.0000000000
     3334.0000000000        0.0000000000        0.0000000000
     3343.0000000000        0.0000000000        0.0000000000
     3352.0000000000        0.0000000000        0.0000000000
     3361.0000000000        0.0000000000        0.0000000000
     3370.0000000000        0.0000000000        0.0000000000
     3379.0000000000        0.0000000000        0.0000000000
     3388.0000000000        0.0000000000        0.0000000000
     3397.0000000000        0.0000000000        0.0000000000
     3406.0000000000        0.0000000000        0.0000000000
     3415.0000000000        0.0000000000        0.0000000000
     3424.0000000000        0.0000000000        0.0000000000
     3433.0000000000        0.0000000000        0.0000000000
     3442.0000000000        0.0000000000        0.0000000000
     3451.0000000000        0.0000000000        0.0000000000
     3460.0000000000        0.0000000000        0.0000000000
     3469.0000000000        0.0000000000        0.0000000000
     3478.0000000000        0.0000000000        0.0000000000
     3487.0000000000        0.0000000000        0.0000000000
     3496.0000000000        0.0000000000        0.0000000000
     3505.0000000000        0.0000000000        0.0000000000
     3514.0000000000        0.0000000000        0.0000000000
     3523.0000000000        0.0000000000        0.0000000000
     3532.0000000000        0.0082955106        0.0001088518
     3541.0000000000        0.0093692963        0.0001306508
     3550.0000000000        0.0106658401        0.0001586795
     3559.0000000000        0.0122512801        0.0001953312
     3568.0000000000        0.0142182434        0.0002441928
     3577.0000000000        0.0166996699        0.0003108000
     3586.0000000000        0.0198918425        0.0004039931
     3595.0000000000        0.0240943540        0.0005384662
     3604.0000000000        0.0297828872        0.0007398315
     3613.0000000000        0.0377495931        0.0010553753
     3622.0000000000        0.0493935232        0.0015788203
     3631.0000000000        0.0673764503        0.0025134130
     3640.0000000000        0.0972801733        0.0043550683
     3649.0000000000        0.1524765161        0.0085262230
     3658.0000000000        0.2718587188        0.0201964356
     3667.0000000000        0.6099161767        0.0668857957
     3676.0000000000        2.2626886989        0.4420175604
     3685.0000000000       11.6919711573       -0.9747438425
     3694.0000000000        1.7534642395       -0.3092975097
     3703.0000000000        0.5273525547       -0.0539689077
     3712.0000000000        0.2460978839       -0.0174139228
     3721.0000000000        0.1414071711       -0.0076183613
     3730.0000000000        0.0915639846       -0.0039778595
     3739.0000000000        0.0640530204       -0.0023300829
     3748.0000000000        0.0472947361       -0.0014793976
     3757.0000000000        0.0363409965       -0.0009969176
     3766.0000000000        0.0287923430       -0.0007032602
     3775.0000000000        0.0233715987       -0.0005144358
     3784.0000000000        0.0193484648       -0.0003875619
     3793.0000000000        0.0162809192       -0.0002991886
     3802.0000000000        0.0138887549       -0.0002357572
     3811.0000000000        0.0119873908       -0.0001890563
     3820.0000000000        0.0104512343       -0.0001539159
     3829.0000000000        0.0091924301       -0.0001269697
     3838.0000000000        0.0081480309       -0.0001059626
     3847.0000000000        0.0000000000        0.0000000000
     3856.0000000000        0.0000000000        0.0000000000
     3865.0000000000        0.0000000000        0.0000000000
     3874.0000000000        0.0000000000        0.0000000000
     3883.0000000000        0.0000000000        0.0000000000
     3892.0000000000        0.0000000000        0.0000000000
     3901.0000000000        0.0000000000        0.0000000000
     3910.0000000000        0.0000000000        0.0000000000
     3919.0000000000        0.0000000000        0.0000000000
     3928.0000000000        0.0000000000        0.0000000000
     3937.0000000000        0.0000000000        0.0000000000
     3946.0000000000        0.0000000000        0.0000000000
     3955.0000000000        0.0000000000        0.0000000000
     3964.0000000000        0.0000000000        0.0000000000
     3973.0000000000        0.0000000000        0.0000000000
     3982.0000000000        0.0000000000        0.0000000000
     3991.0000000000        0.0000000000        0.0000000000
