# Raman Scattering Spectrum
# X-Axis:  Frequency (cm-1)
# Y-Axis:  Intensity (10-36 m2 cm/sr)

# Harmonic Data

# Peak information (Harmonic)
#                  X                   Y
#     148.2674530000        0.5085373726
#     222.8469160000        0.1387315070
#     282.1875350000        0.0818988846
#     352.2273050000        0.0120927571
#     392.0712990000        0.0825168818
#     434.8479890000        0.0967993196
#     443.0276630000        0.0809167238
#     465.4219330000        0.0873061027
#     809.1723900000        0.3211682629
#     910.5435760000        0.0232160732
#     923.7742150000        0.0348887833
#    1035.5424600000        0.0516036882
#    1072.4231500000        0.0313538367
#    1079.3146300000        0.0667204415
#    1349.0813800000        0.0571471392
#    3749.7508900000        0.2891492047
#    3753.5902900000        0.3900815636
#    3760.2599800000        0.4244938065

# Plot Curve (Harmonic)
#                  X                   Y               DY/DX
        0.0000000000        0.0123290233        0.0001661869
        8.0000000000        0.0137742972        0.0001962409
       16.0000000000        0.0154893543        0.0002339986
       24.0000000000        0.0175457431        0.0002820945
       32.0000000000        0.0200403942        0.0003443217
       40.0000000000        0.0231072396        0.0004262729
       48.0000000000        0.0269355419        0.0005364202
       56.0000000000        0.0317997558        0.0006880021
       64.0000000000        0.0409940093        0.0009387566
       72.0000000000        0.0496990582        0.0012584493
       80.0000000000        0.0615646971        0.0017432405
       88.0000000000        0.0783476567        0.0025156935
       96.0000000000        0.1032256363        0.0038261263
      104.0000000000        0.1424384121        0.0062390292
      112.0000000000        0.2096467643        0.0112063971
      120.0000000000        0.3396501562        0.0232161150
      128.0000000000        0.6454037343        0.0605572575
      136.0000000000        1.6407157781        0.2403209481
      144.0000000000        7.9419931466        1.9782060089
      152.0000000000        9.0785007693       -2.2595253564
      160.0000000000        1.7864102448       -0.2689458817
      168.0000000000        0.6964134260       -0.0642084468
      176.0000000000        0.3821708132       -0.0229401456
      184.0000000000        0.2619377785       -0.0090755928
      192.0000000000        0.2211069705       -0.0014643433
      200.0000000000        0.2426288889        0.0077800923
      208.0000000000        0.3916437540        0.0363680658
      216.0000000000        1.2269120641        0.2507494515
      224.0000000000        4.2618417097       -0.5599756877
      232.0000000000        0.7855408065       -0.1341393639
      240.0000000000        0.2928152898       -0.0255132026
      248.0000000000        0.1778757111       -0.0071445393
      256.0000000000        0.1520276039        0.0002447715
      264.0000000000        0.1885330087        0.0104944883
      272.0000000000        0.4057832370        0.0588401063
      280.0000000000        2.0861286853        0.4288857355
      288.0000000000        0.8927034330       -0.1996018777
      296.0000000000        0.2420663510       -0.0277316966
      304.0000000000        0.1214355202       -0.0077662077
      312.0000000000        0.0737359247       -0.0028357658
      320.0000000000        0.0593233379       -0.0009787675
      328.0000000000        0.0566135140        0.0003091460
      336.0000000000        0.0666464945        0.0026033661
      344.0000000000        0.1206486414        0.0150645888
      352.0000000000        0.4386096438        0.0121834889
      360.0000000000        0.1500061670       -0.0137677092
      368.0000000000        0.1252055346        0.0033182839
      376.0000000000        0.1991186157        0.0176870323
      384.0000000000        0.5614223316        0.1031879186
      392.0000000000        2.6658586131        0.0250198206
      400.0000000000        0.6064226084       -0.1030769251
      408.0000000000        0.2710151596       -0.0113061807
      416.0000000000        0.2774603507        0.0120607325
      424.0000000000        0.5388526074        0.0683493409
      432.0000000000        2.3740588748        0.5235561791
      440.0000000000        2.8358201798        0.1151164646
      448.0000000000        1.4011224215       -0.2641987830
      456.0000000000        0.7501634165        0.0338099692
      464.0000000000        2.5658734804        0.3685075814
      472.0000000000        0.8225719076       -0.1680448118
      480.0000000000        0.2489191454       -0.0270057797
      488.0000000000        0.1245001422       -0.0087168061
      496.0000000000        0.0771444870       -0.0039776117
      504.0000000000        0.0534581636       -0.0021911402
      512.0000000000        0.0396486204       -0.0013546355
      520.0000000000        0.0305603861       -0.0009020901
      528.0000000000        0.0244929154       -0.0006361886
      536.0000000000        0.0201254711       -0.0004675996
      544.0000000000        0.0168638282       -0.0003549264
      552.0000000000        0.0143562670       -0.0002764435
      560.0000000000        0.0109027998       -0.0002023078
      568.0000000000        0.0094502648       -0.0001627619
      576.0000000000        0.0082727069       -0.0001329802
      584.0000000000        0.0073042530       -0.0001101027
      592.0000000000        0.0064977831       -0.0000922250
      600.0000000000        0.0040407132       -0.0000565232
      608.0000000000        0.0021370418       -0.0000299536
      616.0000000000        0.0019161537       -0.0000254327
      624.0000000000        0.0017278167       -0.0000217775
      632.0000000000        0.0000000000        0.0000000000
      640.0000000000        0.0000000000        0.0000000000
      648.0000000000        0.0000000000        0.0000000000
      656.0000000000        0.0063154828        0.0000824062
      664.0000000000        0.0070301722        0.0000967793
      672.0000000000        0.0078733771        0.0001146978
      680.0000000000        0.0088778532        0.0001373258
      688.0000000000        0.0100874932        0.0001663170
      696.0000000000        0.0115621989        0.0002040740
      704.0000000000        0.0133854312        0.0002541750
      712.0000000000        0.0156762636        0.0003221027
      720.0000000000        0.0186092900        0.0004165397
      728.0000000000        0.0224488250        0.0005517749
      736.0000000000        0.0276104351        0.0007524197
      744.0000000000        0.0347779040        0.0010632536
      752.0000000000        0.0455575124        0.0015766756
      760.0000000000        0.0613815689        0.0024676399
      768.0000000000        0.0878124990        0.0041853238
      776.0000000000        0.1341098928        0.0079109936
      784.0000000000        0.2296929744        0.0177090475
      792.0000000000        0.4785790882        0.0527138116
      800.0000000000        1.4826498118        0.2713158390
      808.0000000000        8.5361392367        1.1517443114
      816.0000000000        2.3704916581       -0.5163524685
      824.0000000000        0.6316265429       -0.0789793013
      832.0000000000        0.2796180153       -0.0233827739
      840.0000000000        0.1577689656       -0.0096772805
      848.0000000000        0.1027136684       -0.0048034925
      856.0000000000        0.0740373796       -0.0026183072
      864.0000000000        0.0582398950       -0.0014297302
      872.0000000000        0.0502121896       -0.0006043009
      880.0000000000        0.0495668983        0.0002617788
      888.0000000000        0.0569459655        0.0018000412
      896.0000000000        0.0867838932        0.0068603670
      904.0000000000        0.2344929413        0.0430602885
      912.0000000000        0.6952690232       -0.0777351603
      920.0000000000        0.6339895388        0.1115630957
      928.0000000000        0.5107615344       -0.1194277830
      936.0000000000        0.1242985347       -0.0152999400
      944.0000000000        0.0594201649       -0.0040845127
      952.0000000000        0.0385869520       -0.0016113397
      960.0000000000        0.0296595082       -0.0007443152
      968.0000000000        0.0255283518       -0.0003286835
      976.0000000000        0.0186959561        0.0000033603
      984.0000000000        0.0196471104        0.0002378346
      992.0000000000        0.0226816020        0.0005416800
     1000.0000000000        0.0288956517        0.0010710806
     1008.0000000000        0.0415055807        0.0022645223
     1016.0000000000        0.0711674372        0.0059099424
     1024.0000000000        0.1693413641        0.0240074681
     1032.0000000000        0.8164459058        0.1977713719
     1040.0000000000        0.6645078805       -0.1552392024
     1048.0000000000        0.1852341918       -0.0156730860
     1056.0000000000        0.1530874096        0.0048799923
     1064.0000000000        0.3013349485        0.0426483123
     1072.0000000000        1.2781477933        0.1309997652
     1080.0000000000        1.9583226560       -0.1854051898
     1088.0000000000        0.3780374214       -0.0669061507
     1096.0000000000        0.1285147595       -0.0133339731
     1104.0000000000        0.0646483432       -0.0046400645
     1112.0000000000        0.0392263176       -0.0021441800
     1120.0000000000        0.0265021177       -0.0011693527
     1128.0000000000        0.0191897448       -0.0007102311
     1136.0000000000        0.0145818340       -0.0004651195
     1144.0000000000        0.0114808660       -0.0003219871
     1152.0000000000        0.0092887586       -0.0002325920
     1160.0000000000        0.0076787910       -0.0001737642
     1168.0000000000        0.0064597381       -0.0001334012
     1176.0000000000        0.0055133835       -0.0001047465
     1184.0000000000        0.0047633210       -0.0000838180
     1192.0000000000        0.0051042322       -0.0000561256
     1200.0000000000        0.0038761543       -0.0000319574
     1208.0000000000        0.0036633554       -0.0000214836
     1216.0000000000        0.0035295395       -0.0000120930
     1224.0000000000        0.0034687526       -0.0000031215
     1232.0000000000        0.0034801502        0.0000060598
     1240.0000000000        0.0019601994        0.0000358919
     1248.0000000000        0.0022822500        0.0000450861
     1256.0000000000        0.0026906561        0.0000577064
     1264.0000000000        0.0032192683        0.0000755081
     1272.0000000000        0.0039202899        0.0001014450
     1280.0000000000        0.0048776366        0.0001407423
     1288.0000000000        0.0062331694        0.0002032224
     1296.0000000000        0.0082421687        0.0003087949
     1304.0000000000        0.0114021036        0.0005018941
     1312.0000000000        0.0167899337        0.0008951561
     1320.0000000000        0.0271028870        0.0018293257
     1328.0000000000        0.0507255286        0.0046451218
     1336.0000000000        0.1248127831        0.0174508509
     1344.0000000000        0.5584659079        0.1357125209
     1352.0000000000        0.9525635813       -0.2267829562
     1360.0000000000        0.1727253798       -0.0278949107
     1368.0000000000        0.0624616059       -0.0063206342
     1376.0000000000        0.0315351049       -0.0022923782
     1384.0000000000        0.0189064121       -0.0010688585
     1392.0000000000        0.0125700649       -0.0005807185
     1400.0000000000        0.0089528224       -0.0003494954
     1408.0000000000        0.0066970393       -0.0002262889
     1416.0000000000        0.0051968740       -0.0001547663
     1424.0000000000        0.0041492471       -0.0001104519
     1432.0000000000        0.0033889993       -0.0000815530
     1440.0000000000        0.0028199383       -0.0000619123
     1448.0000000000        0.0023829746       -0.0000481019
     1456.0000000000        0.0020401917       -0.0000381101
     1464.0000000000        0.0017663568       -0.0000307038
     1472.0000000000        0.0015441521       -0.0000250982
     1480.0000000000        0.0013613726       -0.0000207778
     1488.0000000000        0.0012092170       -0.0000173946
     1496.0000000000        0.0010812089       -0.0000147076
     1504.0000000000        0.0009724973       -0.0000125466
     1512.0000000000        0.0000000000        0.0000000000
     1520.0000000000        0.0000000000        0.0000000000
     1528.0000000000        0.0000000000        0.0000000000
     1536.0000000000        0.0000000000        0.0000000000
     1544.0000000000        0.0000000000        0.0000000000
     1552.0000000000        0.0000000000        0.0000000000
     1560.0000000000        0.0000000000        0.0000000000
     1568.0000000000        0.0000000000        0.0000000000
     1576.0000000000        0.0000000000        0.0000000000
     1584.0000000000        0.0000000000        0.0000000000
     1592.0000000000        0.0000000000        0.0000000000
     1600.0000000000        0.0000000000        0.0000000000
     1608.0000000000        0.0000000000        0.0000000000
     1616.0000000000        0.0000000000        0.0000000000
     1624.0000000000        0.0000000000        0.0000000000
     1632.0000000000        0.0000000000        0.0000000000
     1640.0000000000        0.0000000000        0.0000000000
     1648.0000000000        0.0000000000        0.0000000000
     1656.0000000000        0.0000000000        0.0000000000
     1664.0000000000        0.0000000000        0.0000000000
     1672.0000000000        0.0000000000        0.0000000000
     1680.0000000000        0.0000000000        0.0000000000
     1688.0000000000        0.0000000000        0.0000000000
     1696.0000000000        0.0000000000        0.0000000000
     1704.0000000000        0.0000000000        0.0000000000
     1712.0000000000        0.0000000000        0.0000000000
     1720.0000000000        0.0000000000        0.0000000000
     1728.0000000000        0.0000000000        0.0000000000
     1736.0000000000        0.0000000000        0.0000000000
     1744.0000000000        0.0000000000        0.0000000000
     1752.0000000000        0.0000000000        0.0000000000
     1760.0000000000        0.0000000000        0.0000000000
     1768.0000000000        0.0000000000        0.0000000000
     1776.0000000000        0.0000000000        0.0000000000
     1784.0000000000        0.0000000000        0.0000000000
     1792.0000000000        0.0000000000        0.0000000000
     1800.0000000000        0.0000000000        0.0000000000
     1808.0000000000        0.0000000000        0.0000000000
     1816.0000000000        0.0000000000        0.0000000000
     1824.0000000000        0.0000000000        0.0000000000
     1832.0000000000        0.0000000000        0.0000000000
     1840.0000000000        0.0000000000        0.0000000000
     1848.0000000000        0.0000000000        0.0000000000
     1856.0000000000        0.0000000000        0.0000000000
     1864.0000000000        0.0000000000        0.0000000000
     1872.0000000000        0.0000000000        0.0000000000
     1880.0000000000        0.0000000000        0.0000000000
     1888.0000000000        0.0000000000        0.0000000000
     1896.0000000000        0.0000000000        0.0000000000
     1904.0000000000        0.0000000000        0.0000000000
     1912.0000000000        0.0000000000        0.0000000000
     1920.0000000000        0.0000000000        0.0000000000
     1928.0000000000        0.0000000000        0.0000000000
     1936.0000000000        0.0000000000        0.0000000000
     1944.0000000000        0.0000000000        0.0000000000
     1952.0000000000        0.0000000000        0.0000000000
     1960.0000000000        0.0000000000        0.0000000000
     1968.0000000000        0.0000000000        0.0000000000
     1976.0000000000        0.0000000000        0.0000000000
     1984.0000000000        0.0000000000        0.0000000000
     1992.0000000000        0.0000000000        0.0000000000
     2000.0000000000        0.0000000000        0.0000000000
     2008.0000000000        0.0000000000        0.0000000000
     2016.0000000000        0.0000000000        0.0000000000
     2024.0000000000        0.0000000000        0.0000000000
     2032.0000000000        0.0000000000        0.0000000000
     2040.0000000000        0.0000000000        0.0000000000
     2048.0000000000        0.0000000000        0.0000000000
     2056.0000000000        0.0000000000        0.0000000000
     2064.0000000000        0.0000000000        0.0000000000
     2072.0000000000        0.0000000000        0.0000000000
     2080.0000000000        0.0000000000        0.0000000000
     2088.0000000000        0.0000000000        0.0000000000
     2096.0000000000        0.0000000000        0.0000000000
     2104.0000000000        0.0000000000        0.0000000000
     2112.0000000000        0.0000000000        0.0000000000
     2120.0000000000        0.0000000000        0.0000000000
     2128.0000000000        0.0000000000        0.0000000000
     2136.0000000000        0.0000000000        0.0000000000
     2144.0000000000        0.0000000000        0.0000000000
     2152.0000000000        0.0000000000        0.0000000000
     2160.0000000000        0.0000000000        0.0000000000
     2168.0000000000        0.0000000000        0.0000000000
     2176.0000000000        0.0000000000        0.0000000000
     2184.0000000000        0.0000000000        0.0000000000
     2192.0000000000        0.0000000000        0.0000000000
     2200.0000000000        0.0000000000        0.0000000000
     2208.0000000000        0.0000000000        0.0000000000
     2216.0000000000        0.0000000000        0.0000000000
     2224.0000000000        0.0000000000        0.0000000000
     2232.0000000000        0.0000000000        0.0000000000
     2240.0000000000        0.0000000000        0.0000000000
     2248.0000000000        0.0000000000        0.0000000000
     2256.0000000000        0.0000000000        0.0000000000
     2264.0000000000        0.0000000000        0.0000000000
     2272.0000000000        0.0000000000        0.0000000000
     2280.0000000000        0.0000000000        0.0000000000
     2288.0000000000        0.0000000000        0.0000000000
     2296.0000000000        0.0000000000        0.0000000000
     2304.0000000000        0.0000000000        0.0000000000
     2312.0000000000        0.0000000000        0.0000000000
     2320.0000000000        0.0000000000        0.0000000000
     2328.0000000000        0.0000000000        0.0000000000
     2336.0000000000        0.0000000000        0.0000000000
     2344.0000000000        0.0000000000        0.0000000000
     2352.0000000000        0.0000000000        0.0000000000
     2360.0000000000        0.0000000000        0.0000000000
     2368.0000000000        0.0000000000        0.0000000000
     2376.0000000000        0.0000000000        0.0000000000
     2384.0000000000        0.0000000000        0.0000000000
     2392.0000000000        0.0000000000        0.0000000000
     2400.0000000000        0.0000000000        0.0000000000
     2408.0000000000        0.0000000000        0.0000000000
     2416.0000000000        0.0000000000        0.0000000000
     2424.0000000000        0.0000000000        0.0000000000
     2432.0000000000        0.0000000000        0.0000000000
     2440.0000000000        0.0000000000        0.0000000000
     2448.0000000000        0.0000000000        0.0000000000
     2456.0000000000        0.0000000000        0.0000000000
     2464.0000000000        0.0000000000        0.0000000000
     2472.0000000000        0.0000000000        0.0000000000
     2480.0000000000        0.0000000000        0.0000000000
     2488.0000000000        0.0000000000        0.0000000000
     2496.0000000000        0.0000000000        0.0000000000
     2504.0000000000        0.0000000000        0.0000000000
     2512.0000000000        0.0000000000        0.0000000000
     2520.0000000000        0.0000000000        0.0000000000
     2528.0000000000        0.0000000000        0.0000000000
     2536.0000000000        0.0000000000        0.0000000000
     2544.0000000000        0.0000000000        0.0000000000
     2552.0000000000        0.0000000000        0.0000000000
     2560.0000000000        0.0000000000        0.0000000000
     2568.0000000000        0.0000000000        0.0000000000
     2576.0000000000        0.0000000000        0.0000000000
     2584.0000000000        0.0000000000        0.0000000000
     2592.0000000000        0.0000000000        0.0000000000
     2600.0000000000        0.0000000000        0.0000000000
     2608.0000000000        0.0000000000        0.0000000000
     2616.0000000000        0.0000000000        0.0000000000
     2624.0000000000        0.0000000000        0.0000000000
     2632.0000000000        0.0000000000        0.0000000000
     2640.0000000000        0.0000000000        0.0000000000
     2648.0000000000        0.0000000000        0.0000000000
     2656.0000000000        0.0000000000        0.0000000000
     2664.0000000000        0.0000000000        0.0000000000
     2672.0000000000        0.0000000000        0.0000000000
     2680.0000000000        0.0000000000        0.0000000000
     2688.0000000000        0.0000000000        0.0000000000
     2696.0000000000        0.0000000000        0.0000000000
     2704.0000000000        0.0000000000        0.0000000000
     2712.0000000000        0.0000000000        0.0000000000
     2720.0000000000        0.0000000000        0.0000000000
     2728.0000000000        0.0000000000        0.0000000000
     2736.0000000000        0.0000000000        0.0000000000
     2744.0000000000        0.0000000000        0.0000000000
     2752.0000000000        0.0000000000        0.0000000000
     2760.0000000000        0.0000000000        0.0000000000
     2768.0000000000        0.0000000000        0.0000000000
     2776.0000000000        0.0000000000        0.0000000000
     2784.0000000000        0.0000000000        0.0000000000
     2792.0000000000        0.0000000000        0.0000000000
     2800.0000000000        0.0000000000        0.0000000000
     2808.0000000000        0.0000000000        0.0000000000
     2816.0000000000        0.0000000000        0.0000000000
     2824.0000000000        0.0000000000        0.0000000000
     2832.0000000000        0.0000000000        0.0000000000
     2840.0000000000        0.0000000000        0.0000000000
     2848.0000000000        0.0000000000        0.0000000000
     2856.0000000000        0.0000000000        0.0000000000
     2864.0000000000        0.0000000000        0.0000000000
     2872.0000000000        0.0000000000        0.0000000000
     2880.0000000000        0.0000000000        0.0000000000
     2888.0000000000        0.0000000000        0.0000000000
     2896.0000000000        0.0000000000        0.0000000000
     2904.0000000000        0.0000000000        0.0000000000
     2912.0000000000        0.0000000000        0.0000000000
     2920.0000000000        0.0000000000        0.0000000000
     2928.0000000000        0.0000000000        0.0000000000
     2936.0000000000        0.0000000000        0.0000000000
     2944.0000000000        0.0000000000        0.0000000000
     2952.0000000000        0.0000000000        0.0000000000
     2960.0000000000        0.0000000000        0.0000000000
     2968.0000000000        0.0000000000        0.0000000000
     2976.0000000000        0.0000000000        0.0000000000
     2984.0000000000        0.0000000000        0.0000000000
     2992.0000000000        0.0000000000        0.0000000000
     3000.0000000000        0.0000000000        0.0000000000
     3008.0000000000        0.0000000000        0.0000000000
     3016.0000000000        0.0000000000        0.0000000000
     3024.0000000000        0.0000000000        0.0000000000
     3032.0000000000        0.0000000000        0.0000000000
     3040.0000000000        0.0000000000        0.0000000000
     3048.0000000000        0.0000000000        0.0000000000
     3056.0000000000        0.0000000000        0.0000000000
     3064.0000000000        0.0000000000        0.0000000000
     3072.0000000000        0.0000000000        0.0000000000
     3080.0000000000        0.0000000000        0.0000000000
     3088.0000000000        0.0000000000        0.0000000000
     3096.0000000000        0.0000000000        0.0000000000
     3104.0000000000        0.0000000000        0.0000000000
     3112.0000000000        0.0000000000        0.0000000000
     3120.0000000000        0.0000000000        0.0000000000
     3128.0000000000        0.0000000000        0.0000000000
     3136.0000000000        0.0000000000        0.0000000000
     3144.0000000000        0.0000000000        0.0000000000
     3152.0000000000        0.0000000000        0.0000000000
     3160.0000000000        0.0000000000        0.0000000000
     3168.0000000000        0.0000000000        0.0000000000
     3176.0000000000        0.0000000000        0.0000000000
     3184.0000000000        0.0000000000        0.0000000000
     3192.0000000000        0.0000000000        0.0000000000
     3200.0000000000        0.0000000000        0.0000000000
     3208.0000000000        0.0000000000        0.0000000000
     3216.0000000000        0.0000000000        0.0000000000
     3224.0000000000        0.0000000000        0.0000000000
     3232.0000000000        0.0000000000        0.0000000000
     3240.0000000000        0.0000000000        0.0000000000
     3248.0000000000        0.0000000000        0.0000000000
     3256.0000000000        0.0000000000        0.0000000000
     3264.0000000000        0.0000000000        0.0000000000
     3272.0000000000        0.0000000000        0.0000000000
     3280.0000000000        0.0000000000        0.0000000000
     3288.0000000000        0.0000000000        0.0000000000
     3296.0000000000        0.0000000000        0.0000000000
     3304.0000000000        0.0000000000        0.0000000000
     3312.0000000000        0.0000000000        0.0000000000
     3320.0000000000        0.0000000000        0.0000000000
     3328.0000000000        0.0000000000        0.0000000000
     3336.0000000000        0.0000000000        0.0000000000
     3344.0000000000        0.0000000000        0.0000000000
     3352.0000000000        0.0000000000        0.0000000000
     3360.0000000000        0.0000000000        0.0000000000
     3368.0000000000        0.0000000000        0.0000000000
     3376.0000000000        0.0000000000        0.0000000000
     3384.0000000000        0.0000000000        0.0000000000
     3392.0000000000        0.0000000000        0.0000000000
     3400.0000000000        0.0000000000        0.0000000000
     3408.0000000000        0.0000000000        0.0000000000
     3416.0000000000        0.0000000000        0.0000000000
     3424.0000000000        0.0000000000        0.0000000000
     3432.0000000000        0.0000000000        0.0000000000
     3440.0000000000        0.0000000000        0.0000000000
     3448.0000000000        0.0000000000        0.0000000000
     3456.0000000000        0.0000000000        0.0000000000
     3464.0000000000        0.0000000000        0.0000000000
     3472.0000000000        0.0000000000        0.0000000000
     3480.0000000000        0.0000000000        0.0000000000
     3488.0000000000        0.0000000000        0.0000000000
     3496.0000000000        0.0000000000        0.0000000000
     3504.0000000000        0.0000000000        0.0000000000
     3512.0000000000        0.0000000000        0.0000000000
     3520.0000000000        0.0000000000        0.0000000000
     3528.0000000000        0.0000000000        0.0000000000
     3536.0000000000        0.0000000000        0.0000000000
     3544.0000000000        0.0000000000        0.0000000000
     3552.0000000000        0.0000000000        0.0000000000
     3560.0000000000        0.0000000000        0.0000000000
     3568.0000000000        0.0000000000        0.0000000000
     3576.0000000000        0.0000000000        0.0000000000
     3584.0000000000        0.0000000000        0.0000000000
     3592.0000000000        0.0026250864        0.0000332600
     3600.0000000000        0.0066447865        0.0000874379
     3608.0000000000        0.0115287269        0.0001569825
     3616.0000000000        0.0128952605        0.0001857249
     3624.0000000000        0.0145201880        0.0002219409
     3632.0000000000        0.0164730719        0.0002682289
     3640.0000000000        0.0188485868        0.0003283524
     3648.0000000000        0.0217782515        0.0004078990
     3656.0000000000        0.0254491008        0.0005154026
     3664.0000000000        0.0301344247        0.0006643302
     3672.0000000000        0.0362464036        0.0008767647
     3680.0000000000        0.0444305032        0.0011906026
     3688.0000000000        0.0557443862        0.0016745549
     3696.0000000000        0.0720206435        0.0024619501
     3704.0000000000        0.0966667301        0.0038347445
     3712.0000000000        0.1366309351        0.0064604944
     3720.0000000000        0.2079917988        0.0121856889
     3728.0000000000        0.3555294741        0.0274349223
     3736.0000000000        0.7477471254        0.0847130974
     3744.0000000000        2.4892765744        0.4967365561
     3752.0000000000        8.9947998868        0.3759141881
     3760.0000000000        8.0392493427       -0.2452822178
     3768.0000000000        1.8419142406       -0.3274458946
     3776.0000000000        0.6255620964       -0.0649152308
     3784.0000000000        0.3137351916       -0.0227474720
     3792.0000000000        0.1888759020       -0.0105458040
     3800.0000000000        0.1263140159       -0.0057429713
     3808.0000000000        0.0904698428       -0.0034720569
     3816.0000000000        0.0680084959       -0.0022591505
     3824.0000000000        0.0529982332       -0.0015523668
     3832.0000000000        0.0424684972       -0.0011126246
     3840.0000000000        0.0347959856       -0.0008246732
     3848.0000000000        0.0290319754       -0.0006282123
     3856.0000000000        0.0245915638       -0.0004895743
     3864.0000000000        0.0210980893       -0.0003889413
     3872.0000000000        0.0183000394       -0.0003141239
     3880.0000000000        0.0160242411       -0.0002573420
     3888.0000000000        0.0141482866       -0.0002134692
     3896.0000000000        0.0125836584       -0.0001790341
     3904.0000000000        0.0112650572       -0.0001516282
     3912.0000000000        0.0076618211       -0.0000989729
     3920.0000000000        0.0037480238       -0.0000468971
     3928.0000000000        0.0000000000        0.0000000000
     3936.0000000000        0.0000000000        0.0000000000
     3944.0000000000        0.0000000000        0.0000000000
     3952.0000000000        0.0000000000        0.0000000000
     3960.0000000000        0.0000000000        0.0000000000
     3968.0000000000        0.0000000000        0.0000000000
     3976.0000000000        0.0000000000        0.0000000000
     3984.0000000000        0.0000000000        0.0000000000
     3992.0000000000        0.0000000000        0.0000000000
